-0.12113857535548739 0.7555317143645885 0
0.8256565513609071 0.1257728633857348 0
0.4220283147666569 0.47917059564896425 0
2.1785006307879047 -0.1948517667469508 1
0.575174915878172 0.21991305826605662 0
2.3282994909367396 -0.4775668927433919 1
-1.8229483926491468 0.6415819429352763 0
-0.6600573789881068 0.7819841824296457 0
-2.0122721311785536 0.715782559039235 0
-0.5320983241932628 0.5346565943124919 1
0.729064096595321 0.4614821848810944 1
0.036571385191874785 0.23559698225128262 1
1.3104260908042304 -0.36032207565373103 0
0.9385461165306069 0.7482878674453496 0
1.101512233236858 -0.5293044436024846 1
-1.4581784262597721 0.875571924434594 0
1.3754710322270332 0.49009024335383683 0
-0.7642401071998779 1.3345627557958326 0
2.1192216328248765 -0.7011733732311286 1
0.23473795724379387 0.18552484216418352 0
1.6189242601881724 -0.6631046130517583 1
1.6923728402602454 0.7548573841808215 1
0.39766219437440165 -0.22061174987556323 1
-1.1554855746450228 0.07630941626315296 0
1.556991259336317 0.743643173719857 1
0.5203305750807554 0.09594310288326618 1
1.4754063977253564 0.35467602913399426 0
1.3365799249817407 0.14669880571284544 1
1.2235771754828624 0.7809077201068453 0
2.2439373451522915 0.32212640893065614 1
0.849289694070595 -0.7298132897565598 1
0.016687885654464853 0.7072605599089372 1
0.5774426433411872 0.19668215795229815 1
0.8279151833687373 0.29633639143113893 0
-1.025431772786785 -0.31853848826533726 0
-1.624323372496593 0.018916174339551534 0
1.5456316637732128 -0.43408765779000563 1
0.14106614805750484 0.5371427991152175 1
0.33499793627373714 -0.11667955371506432 1
0.021782375924876196 -1.2630154552685 1
-0.8225101628418562 -0.013700560442719723 0
2.740375811272381 0.4595603186830061 0
-0.4462762211862343 -0.3866806307052687 0
-1.0473416365713666 1.552370734457119 0
-1.1716038359096335 0.7677960474864245 0
0.6451725561993784 -1.0299330525464185 1
-1.009225827653232 1.6296983745991511 0
1.7463626610678056 0.29556384772682526 1
1.6370591276577886 -1.0554032335477563 1
1.2238142485050145 0.42606370147049466 0
0.5512896914429251 0.6863777360708206 0
-0.038925565195167156 1.4421224356338944 0
-0.6401324928870072 0.1028265179913721 0
0.5200749958497481 0.3461783743477689 0
-0.1766661619298009 1.087216724550649 0
-0.6789782669856053 0.40962401756459255 0
1.7715062228140304 1.7299707607802401 0
0.7767142931290296 1.4179496040212949 0
-0.1625502890686138 1.7831441328455764 0
1.487010533659099 -0.4466714984407293 1
1.2597196856865864 -0.015073081476780964 1
-1.1064121643344027 0.3893653031024114 0
0.571371753807587 -0.5012014104315685 1
2.376645720945242 0.3108960831360736 1
-0.37753698004333297 1.1176775093747902 1
0.664295304299894 0.07202584510742616 0
0.44411498987058917 -0.020772415106943 1
0.19316407067213687 0.9964676347010248 0
-1.0037350289985683 -0.023253469991273423 0
2.1135656943676984 -0.507059564070854 1
-0.48385852293702636 1.0486725082519506 0
-0.8804216118608063 -0.5262008972287537 0
-1.3403709899448888 0.3855222305453745 0
1.1622423127300858 -0.26434738714495676 1
2.377566218022756 -0.6152385301814057 1
1.241794216401864 1.2227143093744426 1
1.5206243135622501 -0.13540395950313833 1
1.3923714351520278 1.0797061868674322 1
0.751470672368282 0.05056994644064661 1
-0.02145607049350018 -0.15927677873410717 1
2.537363452740691 -0.6480255944763016 1
-1.017434832449657 0.788634526716799 0
-1.044837271978983 0.2962310087789256 0
-1.5415445149791824 -0.7304984423000418 0
1.6973029955909686 -0.16530625835407947 1
-1.5241023338233974 0.3048317817353529 0
1.1265464507542124 -1.3134318660556115 1
1.3133500346678528 0.8064906327352535 0
0.5848619265505562 -0.5875566156093366 1
-0.620041629718681 1.4224720362125742 0
-0.14306295667179036 0.1805922310898097 0
2.381819409261524 0.5580655997610565 1
0.25594199964789005 1.259816378072256 0
1.0674969857805436 0.3439443722072774 1
0.3108914264431317 1.1982769914628926 0
-1.1873060301737726 -1.017665684833601 0
-0.5716340017461459 0.3597168852371676 1
-1.120204798865898 0.5499777466878669 0
1.9485837690952366 0.15643862584192314 1
3.0334585210641833 0.9965615023877945 1
0.7124008808120292 -1.4924739913642298 1
1.7068515109858182 -1.0247389434244152 1
1.679495419266837 1.1330206064664532 1
0.5519673268100695 0.6012413219203613 1
0.48851906905346676 1.0847830837477819 0
1.5224926396329734 -0.5037526105882794 1
0.6174353166634914 0.31299666473898413 0
0.7946058110036935 -0.1708816396159744 0
0.2963625305079215 0.8584812558501649 1
1.2182407728086697 -0.4517674376627033 1
1.233269725539087 0.7027379716822987 1
1.2931297205823686 -1.0691324511796838 1
-1.5122340618951744 0.1661555080565213 0
-1.0969160441139043 -0.3216403604024155 0
1.6389244441690596 -0.8089111025692113 1
2.0645895014857523 0.31011096197385174 1
0.5087081441988995 -0.5240506323440104 0
0.394627078316483 0.44239265823676466 1
-0.6592529594633509 1.119777062356386 0
1.248207422220898 0.8228137594513156 1
-0.10368839035307037 1.1143122184731278 0
-0.046268101501559286 0.2462729586453586 0
1.974113173142698 0.939726308280805 1
0.7791519174268589 1.2729037597312403 0
-0.9851066980841565 0.41663542136767695 0
0.44292647188543977 -1.251910163939594 1
-0.2593533616541669 -0.3320169169064749 1
-0.47852245416134287 0.41816906661401243 0
0.674369215805635 -0.6102768228182909 1
1.8492260823053166 0.4222356284162619 0
-0.12945228400146175 1.2009728057299636 0
0.21563223930380904 -0.6758755342553143 1
2.2512911911437476 0.3169277601924988 1
-1.0695678067601206 0.4387608278921926 0
2.2043438527292167 0.07473691674300992 0
0.6064950883853129 -0.9749674345057493 1
0.6403051505092006 -0.8105464591023552 1
-0.9237409700396487 1.4930544333214502 0
0.593467790436052 0.04216239166809968 1
0.21067966192463594 1.1966320833646669 0
-0.11684681235298208 0.00415918647052016 0
-0.4467709238955715 0.6569451426852058 0
1.6974193382393692 0.04741716841297133 0
-0.11210250154658585 -0.6575784218139938 0
-0.2830171235410881 1.065479193080694 0
0.839142010769244 -0.809524554715751 1
1.14481026028617 -0.5792839490877449 1
1.6282957829486586 -0.5765540857044196 1
0.9089247192648298 0.3154337391363203 1
0.45433948130568896 -0.09421348458971093 1
1.5751387089563742 -0.5731569917831089 1
-0.19394232083112117 1.3753367386386854 0
1.0533563580504346 -0.09425061594049072 1
-0.3659454809109538 -0.9908787009278271 1
0.44177903368534505 0.6905467962025119 0
0.30186788151503774 1.4208144174139994 0
-0.9110039072637587 0.5058349529842979 0
0.530178792263583 -0.14483411443677874 1
0.2655090354085885 -0.10813893324390367 1
0.6357933265673656 -0.5131818206418429 1
1.657598327025873 0.09894288422449371 1
-0.5917095043019476 0.47828076507666245 0
0.427601566844968 1.4119244803036415 0
-1.8799088650412545 -0.7344636705314026 0
-1.298825180828072 0.10034158656366116 0
-0.0993318733888372 1.6366393878292969 0
0.529702856465163 -0.07232466674709415 1
0.02100063899378729 -0.7884196647770884 1
0.2546773803095405 -0.7092050148726927 1
0.07114064823623328 0.3131378638828889 1
0.7255414365628378 -0.23937811515267549 0
1.6998303046033192 -0.21351424313574724 1
0.6209901610925666 -1.2928721501828222 0
1.7431801325857443 -0.31666856099595797 1
-0.11254204650106636 0.2896265691920704 0
-0.41244121543608436 -0.18049421985738268 0
-0.8599719018032628 0.36599547789167947 0
-0.12152446232226938 1.289962985585234 0
2.038089233560105 -0.6235498365997538 1
-0.32408711780643634 0.24142950868076601 0
1.8509213004463771 0.11663466936388825 0
1.5689598487348602 -0.8084696733687584 1
-0.15321534692818373 1.5124503375580334 0
0.13054774272473657 0.9389727486827912 0
2.6663192228613553 0.717074239741256 1
-0.48585847942855276 -0.9639384477422167 1
0.657553427588262 -0.18285651568747413 1
1.1165331026072354 0.4374046460429547 0
0.4082973868747481 0.5650520548723458 1
-0.1780936109474845 0.1613141619845409 1
1.2870554924076338 -0.5500044956094159 1
-0.451886040566576 -0.1967279749482271 1
-0.0441748913948945 -0.49383702046860417 1
0.9544946547700863 -0.16914561745828777 0
0.6333620475128772 0.026118742771116338 0
2.249697500008855 -0.11643745300654806 1
-0.4972125390382921 0.12180445759797191 1
-0.4348997470915478 -0.024821018930021477 0
1.0845281662667758 -0.5777729402200583 1
2.2664402831799864 -0.8020922082454323 1
2.2438387084960953 0.621435262569066 1
2.0085890149723142 -0.04424226382437163 1
1.0998894374503734 -0.07857589053541775 1
0.551463512142567 1.3741574022638658 0
0.8352516010468409 0.7594605266092093 0
0.598607641051362 0.29336062527640416 0
2.0480267368424676 0.06751728321745665 1
1.7965665842664413 0.507001140407599 1
-0.2405137973376424 0.6719330236987928 0
0.7395563760885848 -0.9385213556406979 1
1.181134494471562 0.438230003397224 1
0.6973706361501064 -0.04603561809346279 0
1.9325983029063358 0.1200091466793128 1
-0.28112165216162754 0.5218945813523084 0
0.27906958977488927 0.6110768847553769 0
1.3955378328470123 -0.5194923493556624 1
-0.00776134420975641 0.18823096465140016 1
0.4325321133899349 1.7020917399509243 0
-0.7161066590674837 0.5105212015922842 0
1.3917538822091027 0.19972912470187504 1
0.057870908817635666 -0.0518402342989428 1
2.27659617736895 -0.049065648155170144 1
-0.6951049252229824 0.2821796325004281 0
0.09424195350777018 1.3480521502099874 0
2.4524023568992943 -1.1420154129383513 1
-0.7372523916444544 1.134965006486468 0
-0.7446783487107095 1.5470048566705494 0
-1.4381662598956169 0.009783890027304658 0
-0.15079609174172856 0.10428937793277415 0
2.226516564836495 -0.26634103228305683 1
1.3947374844181064 -0.41871545029457063 1
2.233819370627842 0.023787182108791993 1
0.8289838732844221 0.7932393231468016 1
0.24869715126613234 -0.013366014832042472 1
-1.4915419794322085 0.046250716494916605 0
-1.4362448857442944 0.28102398098949927 0
1.1983112495466155 -1.0843807080946322 1
0.49730958118420143 0.09926496802152285 1
0.8637190289316063 0.2142548892504404 0
-0.29564106165669496 0.029062638412465647 1
-1.143732428252085 -0.2262888311676517 0
2.2362770842018356 0.05908777027683482 1
2.9117561505484755 -0.19001236539084748 1
1.6497948396704076 -0.9574516754036699 1
-0.8192914784686021 0.08022669583324527 0
0.8742188145456955 -1.1565583982815917 1
0.35909367540565507 -0.3002409911450702 1
0.7752553379829085 0.6485277474085869 0
1.842864567488212 0.10377736115545766 1
-0.5610333960940144 0.48417181393175324 1
1.46666181951002 1.2080128417360436 0
-1.8405337525498928 -0.04719937666376739 0
1.7598829973810886 -0.39805181336725237 1
-0.3257614553154614 -0.700240403972406 1
0.22460524239437124 1.1728127461464453 0
-1.22173413865588 1.4724722172723266 0
0.09474550741010403 0.2735661791853191 1
0.08100079983594016 0.6393134541366078 1
1.8043898452115534 -0.293894163921816 1
-0.47279472481930707 0.9690816990561711 0
0.217595551339051 -0.11077745013933449 1
2.2502024411276413 0.6281985616261361 1
-0.6997514103252827 0.7659296112957568 0
0.45309507165809665 -0.5206151921309805 1
1.4100936847821126 -0.5191887302127698 1
1.5170346796354595 0.6390146484325148 1
1.5247957461640045 0.7943160702895142 0
1.1767397267921325 0.5962726477684361 0
1.717254026833223 0.8286932087724416 1
-0.750075980952048 1.595093628182088 0
-0.46494916528968255 0.8039370864249611 0
1.8079119720632113 -0.5573715428383601 1
-0.336905518626702 0.7037418129641801 0
-0.44908897417410776 1.7782431188004013 0
1.8507616518906074 0.2570491936147708 1
-1.6213687442249434 -0.17593217208189726 0
2.259524390107255 -1.1398347890354454 1
0.7720162842020811 0.03142467431150597 1
2.5643163979481507 -0.8029158312513206 1
0.4395981720728106 0.9051180054064827 0
0.4620306768868115 1.1484900677756844 0
1.5399418164154721 0.2475016908239771 1
-0.06438293049842769 -0.4168444117229283 1
0.048063475538903944 0.043049305508637836 0
0.36313124970134286 0.34370077324586945 0
-0.9516225394932424 0.3964781782961364 0
0.6702161120647189 -0.9545630705867942 1
-1.10707379050187 1.5051138331710987 0
2.4623286259633543 -0.7139129801002142 1
3.212375676018543 -0.08594849429116147 1
-0.009927308752851527 1.9122612739210016 0
0.23374771247857712 1.933341784624431 0
-0.7422403132104026 1.498143935005821 0
0.3975212599023026 1.667238890076434 0
-0.5139825412401078 0.5822020425139223 0
1.1355089581985036 1.0109787357190625 0
0.7623115016551447 -0.13997949556496164 1
0.20769925218124585 -0.26706656657554045 1
0.380286546237122 0.49696593568336245 1
1.122811678742755 -0.3218799591406185 1
0.2078363487362474 1.2187067346807934 1
-0.012032417612232615 0.8290652561172721 0
0.6984245720386084 1.682298514778058 0
1.9847140648262842 0.49040585317392116 1
0.11046814188421895 1.697617596570913 0
-1.1531849396035125 0.6266895521113213 0
0.5988003216338837 0.42170776397459064 1
0.37416627478497777 0.14506794979301119 1
-0.062265444492909994 1.1765213578698825 1
-0.6052499633399446 0.6953512912787361 0
-0.3707704413076515 0.9711471430285226 0
2.127355443988584 -0.47332473703847516 1
0.12426449588350097 -0.18075786298966245 1
-0.7389674781265092 1.2069397080093611 0
1.8761880450511712 -0.2724750237011838 1
0.3490688394381418 0.5757023733637778 0
0.9785446430862612 0.44867741634879715 0
0.7402515948887987 0.398058470192061 0
1.0606087749339563 -0.3241230540624204 1
0.6898066129875184 0.12746864434622096 0
-0.49441031467715996 1.1727622460821565 0
0.28538337693962657 -0.24168063748082597 0
1.9080508873693665 0.7536774224442571 0
0.4224435529608004 1.639876575806508 0
1.1668180459711706 1.6276984086839716 0
0.3407099222962698 1.367383247193199 0
1.2161049619738338 -0.13871259097005623 1
0.6726414938158146 -0.2963586155701526 0
0.1627317829649736 0.5825848418698807 0
0.8041761520733799 -0.9062199111464656 1
0.23346028289456533 0.20944748583045014 1
0.007528623839572202 -0.5670541537515674 0
0.753973847081205 0.38158211504709316 0
0.4629390907464981 0.37668577694257216 0
1.1635298654270596 -0.6095928291441334 1
0.36497156862722663 -0.22778883009576345 1
0.021486554458738212 2.3425420857277106 0
0.11731642787467456 1.3733920616463307 0
-0.7587546113097978 0.3244047938884734 0
1.0370086382841674 0.4224976230030691 0
0.8782074574963151 -0.5388506395184799 1
0.24613399814831574 0.9879212504799751 0
0.5004808835517423 1.5537039808635822 0
-0.2874166067498687 0.40637330655164006 1
0.252828371730062 0.15199592819854807 1
1.0779733708821502 0.5845172025120139 0
0.7154976976806029 0.042282003667427515 1
-0.3469233419870662 -0.029558992142132756 1
1.0585574095913945 0.13606870628053414 1
0.6814496385578132 -0.4481258320005284 0
1.5679084916231396 0.47301802036832424 1
0.909145515723161 -0.5967390068883331 1
-0.35688197591712895 -0.30177669566088416 1
0.03304753207937294 1.0166874722472588 0
0.26427370013416895 0.41036309944731303 1
1.3749031631564983 -0.11091810312341266 1
-0.685760691223269 0.6966156491630289 0
0.12718443848754643 0.20508077258668872 1
0.18391850732604292 0.4661358520299657 1
-1.2780092652749644 -0.6780617611658363 0
-0.025679161814371666 0.8507841997010603 1
0.762060331098191 -0.4324694672980838 1
0.10222201582483112 1.5254156226616402 0
2.0015246387339727 -0.23722237682038677 1
-0.8885035197122801 1.412149203981465 0
2.4896729431734967 -0.06453019419006353 1
1.469257189499353 -0.9727875053624242 1
0.9478724470757668 0.5404212063345617 0
-0.6351514155775849 0.5152232475854938 0
-1.347541835352562 0.803434928937039 0
1.6911252222899722 -0.20693651480259134 1
0.695674576534411 1.0141322732069733 0
2.044510035868143 1.0072848163113752 1
-0.29829197475021196 0.1673038849367716 1
-0.3424728364360268 1.0162955955126207 0
0.2925168427319619 0.5636629976894028 1
1.012592230127517 -0.813774045516937 1
1.5056190001280876 0.299171174262046 1
0.1808877521528764 1.4888896282019108 0
1.4288023556838818 0.546753758855091 1
0.5757933074777649 1.0152851300907175 0
2.20917461382203 1.2269678099084023 1
0.4853481024282028 1.4345573996200096 0
-0.1730075766887729 1.1787275939758204 0
-0.34307893351385427 0.27667357634360223 0
0.7841240442699469 -0.1446242358361907 1
1.4026422969229178 -0.6640162175689646 1
1.8348663886264305 0.6788836727566936 1
1.3747761289163458 0.7917592546888367 0
1.2199986750860203 1.488683231110345 0
0.3134963008425957 -0.5115706767803329 1
1.3706400662070413 -0.019118232364495613 1
1.1116181093737192 0.41505025958307673 1
-0.24770627128029787 0.6198730443841919 1
1.865991197302213 0.23063587474351355 1
-0.521632793123471 0.6348757800967793 0
0.465659808322884 0.29646551416985245 0
0.12213249817069559 0.14994500499190566 1
0.2791726588904128 0.4913925695134179 1
0.8341964531707677 -0.452934229106114 1
0.30149766316274973 -0.2912068478310714 1
-0.17434254213957445 0.021687423739966044 1
0.6258011515205173 0.01757286969271879 0
1.1220245005758476 0.21585532969829985 0
-0.31279432873812907 1.0533009853090696 0
-1.2678711725999112 -0.26705985433422896 0
1.888319643654537 -0.9298260542141336 1
0.9406593138500643 -0.8603888471102633 1
0.3655988157168939 1.1356288177005114 0
2.0574265114097643 0.4248526405732188 1
1.7600492086398858 -0.21753765748342874 1
1.382921074647391 -0.2841770334113698 1
0.8077466780081675 -0.9142452648903786 1
0.3152163772755199 -0.7078516813095781 1
0.24746645004322645 0.2569693878343395 1
-0.48183199002858873 1.0398043958553063 0
-0.8447729832453215 0.7735812100851024 0
1.2188289169721958 -0.18062460781942297 0
0.9450097758029068 0.2505807739470504 1
-0.827630369046808 0.8606864416318334 0
0.20789011974698496 0.7316397546448342 0
0.9990459626977165 -0.6472490350954215 1
1.182344132456131 0.12695473571296917 1
0.9765442812615797 -0.6239708878327475 1
0.24323783837557392 0.7401521601505061 1
-0.18424181388463157 0.1968044360252429 0
-0.7463969170769156 0.25866556224744314 0
0.3583771717552466 1.16593701087546 0
0.8360817847664308 -0.6026260599042593 1
-0.22799048565485192 -0.7806309353869184 0
0.7357350538874718 -0.6709140080614859 0
0.8836018947242474 -0.25160958163215175 1
1.612308614826404 -1.4819473863447525 1
0.12709270999323485 0.8819064846733615 0
-0.24513567830666777 0.6964647943749059 1
0.13820771566069262 -0.30177217597614986 1
-0.8759396954332238 1.1849320046146452 0
-0.2712319529549868 1.2274604035517571 0
-0.5715917051773802 0.7841698821644534 0
0.9542277110674969 0.8389049439682479 0
-0.054996043469633715 0.48957597489217874 0
-0.06871110702565236 0.43044656492134115 0
-0.9835024404179609 0.13711782768160297 0
1.5455508600691306 -0.5325762964385132 0
0.006967473763401011 1.148215493677565 0
0.9982037331732159 -0.5223419908958195 1
1.5049888493268555 0.7910137276427185 1
1.8571269670809025 -0.5254812859203501 1
0.023033901992454142 -0.6816556318811907 1
-0.6699901438233584 1.4296342983719257 0
0.8525332099172344 0.197687409097397 0
0.43623343139274934 -0.5427949023415751 1
0.7915400159798918 -1.2629782669439125 1
-0.7141527359798103 0.8683205703676501 0
1.4242351481390887 0.10298372967678077 0
0.814169758037497 0.842084851303425 0
1.2592120084076721 -0.4236637569715691 1
2.275557211355585 0.4723460855823458 1
-0.056234047276273194 1.1893635321238527 0
0.1611519287972626 -0.9306484222554273 1
1.7307077039160554 0.3229930420859958 1
1.60943889481502 -0.5445320904854682 1
-0.25468483005990805 -0.38456005738715876 1
0.9756695684452236 0.5790357472776548 0
-0.5190644961051589 0.9883953725083818 0
-0.05612673424688319 0.22409216869481052 1
0.5388489101184123 -1.0866584119169707 1
0.3888287804073105 0.2694506098731576 1
-0.607675614680385 1.2524080270972027 0
0.33316032826242764 1.4629772207293454 0
0.03229050786445342 0.8959779092638684 1
0.016185701588911194 1.9987413935709148 0
-1.0592788274259612 0.9454082061754214 0
-0.5761535686970922 0.5084453714896443 0
1.338663124964777 -1.1852195070635747 1
1.0264260000590175 0.12490191636374187 0
2.2526252142070637 0.6851338157158011 1
1.4676427778081622 -1.1965777833090558 1
0.20274062947915694 0.46535802825767025 0
-1.0237944605958926 0.2656714676360835 0
0.772685983148728 -0.1515323661698818 0
-0.7240109153643454 -0.4274103114437171 1
1.1460162346886333 0.6276401804865976 0
0.5766197840957159 1.6863216859448564 0
0.7280991601051905 -0.024252521554712247 0
-1.706817042481661 0.23599052650288926 0
-0.33481427491565724 0.6625315258910993 0
1.2335650638399172 -0.7265096826151753 0
0.7548948940043008 1.3113639018650562 0
1.7200660195611046 -0.7560413713022057 1
1.6341906964614277 -0.2293074996627276 1
1.1603984476791682 -0.09348305439297533 1
-0.22439810878623223 1.240328166168794 0
-0.17257151309203705 1.5699140416971027 0
-0.9646486688123925 -0.1927040120168123 0
1.8609619467585943 -1.201923260796891 1
-0.3875967303077382 -0.04044953541119278 0
-0.15934513870574118 0.6976379520980105 0
0.8179417152954618 -0.2550775443424755 1
0.9506004355596915 -0.022363770894479773 1
-0.43751567700950433 0.7186146980388564 0
0.9360850755148102 -0.2738607624723972 0
1.6022883202584446 -0.24745586211559353 1
0.816162538881097 -0.5514550477828333 1
0.9402774005002776 0.13674383765834797 0
-0.8506812643322699 0.9420850966182193 0
-0.7200278147633659 1.0700910248520459 0
1.5483100347937224 0.09127374167144953 1
2.044441271885229 -0.6322375190536071 1
0.2839047799089611 0.3893721684002942 0
-0.5545771025734324 0.3261221694767463 0
-1.046423889459928 0.5353376769529772 0
-0.2633379050868419 0.8255801614334237 0
0.562264385761982 -0.5148029210693355 1
1.8165750752329777 -0.03571369717937353 1
-1.6046444319216948 0.3042082219601046 0
2.13246905052046 0.545529620591754 1
2.065809355865748 0.27237536661592254 0
1.1343426801723677 0.2756454817557724 0
0.6177440543981035 -0.7676301542110526 1
0.5047238360715998 -0.026876910109090213 1
0.7977932880769676 0.7177978408923095 0
0.45993513028972716 0.43182314110924 0
-0.49232395546573016 1.2686680980958676 0
2.2629374687260655 -0.5893371885244549 1
1.2285257326359562 -0.41890944674368147 1
0.20871342734416365 0.21390405940369372 1
0.38736282127039656 -0.6733209079505466 1
0.4858536328246603 0.7794358360467765 0
1.6734060432816606 -0.2968881878462307 0
0.3589915899330476 -0.15058191683955113 1
0.17891508196756412 0.7014614742514522 0
0.9603347986089265 -1.4125681010265752 1
-1.3698699481599155 1.000815843191772 0
0.6825301524407252 1.1815236271708867 0
0.003589808304936659 0.2675090402070365 1
1.5753906224877667 -0.8199682753100023 1
0.10318307363571874 2.012801506677506 0
1.1823357573131958 0.007899179691684799 1
-1.6756372904915813 1.1091815958074394 0
1.2680770238168118 -1.1322227088235044 1
-0.12239832041501575 0.15486161611107085 1
1.1434734844834276 0.26067957275681836 1
-0.012188659032022625 1.299356116187282 0
0.7736908849904802 1.5606957411730737 0
0.9888677336956064 1.7092898179282972 0
2.5670728976800037 -1.1188338824323139 1
0.3502740052929192 0.5749610569427017 1
0.7337027852890952 0.6651866844682417 0
1.0002357862298143 0.6912024939952428 0
0.852657223614532 -0.5667677633713982 1
1.407143515030632 0.687192041914671 0
-0.2395984154301979 -0.5194453647404725 1
0.3482335863897453 0.06162769036196514 1
0.18438745611775498 -0.6221279381791575 1
0.8628383131045783 -0.6213550299696455 1
2.63250980296612 -0.3362879893269515 1
1.7816545454628518 0.5179465025912138 1
0.35447272691606646 -1.4094158090441278 1
1.3892231353716928 0.25867556148741605 0
0.2978966445006193 0.9569299238406297 0
0.4585356627722946 0.8782952218127706 0
1.3533482894237747 0.07493890432425718 1
-0.2022755255768357 0.517491071023534 0
-0.17381699259463107 0.7933589724028398 0
0.6744201911415044 -1.1738823092838708 1
-0.04957306191168101 0.05115110266396761 0
-0.3891612634550725 0.5828542101632895 0
-0.015431690155925493 0.8002448957516665 0
0.4286840323736546 -0.31334616979712987 1
0.10752014480434496 0.5108352530050015 0
1.0147848361576257 -0.0760326571571466 0
1.2389717288582536 0.6151845440850702 1
0.5866036746126254 0.3331682092303514 0
-0.06539621679172358 0.5405799363623804 0
1.508737998694193 -1.7888367098714228 1
-0.11610681854897012 0.34606689910128874 0
1.4922397699678192 1.3831519658133722 0
0.584594819232408 -0.28476455195470574 1
-0.6116054836018632 -0.4637144020579759 0
-0.7348838642315206 0.848383780440441 0
1.5076679672311712 -0.1937018726300599 1
-1.0932608566985813 0.7203721509008356 0
-0.25595409552651077 1.4164837103717998 0
1.514930827455961 0.2175932909405358 1
-0.07207509154243541 1.0587460220683946 0
1.7707831469661022 -0.5350295927736833 1
1.4221039997877716 0.010886492163029171 0
-1.137540456067438 0.4923866811580585 0
-0.23770182405303358 0.5111013612905917 1
2.7067399344893177 0.7458223046120122 1
0.6120395218821117 0.8778795641066693 0
-0.026112564508705416 -0.14891025222012486 1
-0.6937642860243842 -0.2156252756499818 0
-0.8508967441576232 -0.09210500995632412 0
1.00659126094302 -0.24747983254892375 1
-0.2361379967609828 -0.10548454300990046 1
-0.6925296671864691 1.290100122387443 0
-0.8576872423736881 0.9187190680761581 0
-1.0699377666110679 0.9904508702342895 0
