0.11073948223202082 0.46205904170396794 1
1.7725510944329346 -0.3776837639725742 1
0.7725940966555399 -0.7757232901096933 0
-0.31697017324250554 0.4780643612706673 1
0.4094741938479771 0.42658275860317535 1
-0.6727551316433575 1.0079562761401737 0
-0.8996051865308606 0.6575881604019789 0
0.8292586552076873 0.6423068753750006 0
2.2901266969668126 -0.47259455980382015 1
-0.10720777304158835 0.2248783072915525 1
-0.6512680604502905 0.07253671303816764 0
0.8953370250819417 0.26193719283104855 0
0.7575172090171801 0.1955771336480665 1
1.3040878956655197 -0.8981991450360587 1
1.8858532340421523 0.2161076105538694 1
-0.8526870493176685 0.2398755091156389 0
1.5445931399570503 -0.3630391829936105 1
0.03160105999099522 -0.07797424715629363 1
-0.2682396995898107 0.12088220831929984 1
0.8431815700041125 -0.5899720145077451 1
0.48700843615043327 0.04429229633181281 1
-0.20304467979540358 1.0310663029494858 0
-0.9086752641730935 0.5452107638880193 0
1.8555505059003243 -0.3674657124774976 1
-0.9748625022347597 -0.015950700802531304 0
1.7951704304790674 0.9173620180291646 1
-0.9215040963503766 0.7246804768138766 0
0.04878694471254457 1.1728107684059506 0
-0.2691581569086804 1.1463218828930763 0
-0.2529735221348393 1.121688462802517 0
0.9922090247668939 1.1970040296616387 0
-0.01906950367785759 0.9488575111314521 0
1.7533628639490193 -0.23958499869317856 1
0.38898355499411125 0.6427941840313516 0
0.7460728017770962 -0.460032805013032 0
-1.2759183012175814 0.9358464892012199 0
0.832558221168203 0.06360689931170255 0
-0.022246921178278645 1.1339754971998355 0
0.6673076076979972 -0.10206656874489956 0
-0.05994113891582076 0.3728429695844319 1
1.131168986764084 0.9237697242276292 0
1.405488710705066 -0.1577522371168668 1
0.5038777357583761 -3.33673242291499e-05 1
-0.6395649746979672 -0.08447762346519572 0
-0.42378054171574264 1.3013183210790649 0
-0.993234210334496 0.639080835016151 0
1.650182057291315 -0.2124119397430477 1
0.04550703295484615 1.170108075727918 0
-0.021882973380247916 -0.030575355240343063 1
2.006720163464699 0.2292205303060723 1
1.3483500420877206 0.1509703859397603 1
0.22712472342458936 -0.292665404066101 1
0.1498027082410388 0.973110018668608 0
1.084117636850473 0.011865363375792748 1
0.684806064415099 0.08858676195021266 1
-0.029201655847225644 1.5971660700430652 0
1.0717766143856648 0.47035153158233156 0
0.28323378131513616 1.2125897706534368 0
0.20214341361722224 -0.10334957422044122 1
1.287855437767741 -0.5178915719285713 1
1.7540227613019892 -0.25126031665322557 1
2.160238291521293 0.021137767373930083 1
0.8185704183602343 0.4153540301736909 0
2.0274044139405074 -0.10285138636040714 1
0.7857777037580261 -0.5265117066530125 1
-0.1281982836175537 0.4964296018428967 1
1.7309413796425739 -0.17960830666524555 1
0.5352560849627735 0.8368211739987075 0
0.06530504936490797 -0.13311826255547185 1
1.5258936440782835 -0.5006960903674075 1
-1.2607881040420916 0.19629366917676927 0
2.0392811058976985 0.33843433943157086 0
0.2978397235890945 -0.29173881543822455 1
-0.3501029049208258 0.9758949310875951 0
-1.0532052456026124 -0.1302860680196821 0
0.4875620448136084 -0.3027565026220468 1
1.7631855276479498 -0.2335889460818975 1
0.7708909002525423 0.5719358427279162 0
-0.007344739820852214 0.5720758685392575 0
-0.9294669965085857 0.41531979556019005 0
1.87552415543598 0.16519049389721824 1
1.9322796698645348 0.12681840646516176 1
-0.839293637192155 0.4551186723987688 0
-1.284451290738432 0.34318997536746565 0
-1.2113162412768752 0.18373056476412675 0
-0.6717455304386831 0.8687235701186021 0
2.5303963070550806 -0.028237179812330815 1
1.2442186243725855 -0.47980881514084306 1
-0.33535388576281444 0.21529710704721355 1
-0.5128913471837229 1.3335757972114695 0
1.9974868973538602 -0.2169980069723501 1
0.7310631145352429 -0.5088322076565762 1
-0.19035704903642248 0.3839928083710258 0
1.8025496284299596 -0.23846749113828325 1
-0.9263920058077706 1.1982627180090646 0
2.1415195764985198 0.49441145210800275 1
-0.3449161886893424 0.19841412784864493 1
0.3772117142158715 0.7492338166941629 0
0.4715211125754294 1.1131373266418068 0
0.9661192094788558 0.5780689717546935 0
1.7145394666495968 0.5223396254103019 1
0.8984901575241446 -0.7408408890175922 1
1.114052604680235 -0.35648816831619157 1
1.894720859814385 0.5371821358371303 1
0.6988964401205968 -0.8900958139922999 1
0.8054545133182826 0.758830899767336 0
1.3600211539964129 -0.3188296800060437 1
0.3280518896670137 0.30864593026444354 1
0.2856126449014023 -0.07627006812018189 1
0.8268726429227811 -0.2955789065779538 0
-0.24134257771093837 0.9822424545900138 0
1.103750229474611 0.44192233962566807 0
1.5077711711484956 -0.4490379127304148 1
0.2760287463293766 0.6460018186307397 0
-0.36270885080227355 0.8734986998994467 0
0.15170495037310908 0.2886792628110345 1
-0.8510896043042969 0.5090090098017623 0
0.3402269200253204 0.6675935672175365 0
1.3151018352520039 -0.40135791176918945 1
0.016680090032802963 -0.10004336196799524 1
1.5362286442435547 0.534714138334233 0
0.18344941548909716 0.3830214686069031 1
1.0900514712686362 -0.8495804892210095 1
1.168520694581379 -0.5965940541122295 1
1.5716992971746304 -0.39872516323506024 1
0.9078268224736631 0.03560097547899482 1
-0.0034725188019741407 1.805190367162092 0
0.44409446643920325 -0.45459984129053943 1
0.5973765568273112 -0.7623800364736779 1
0.8670152388274147 -0.3243170741307616 1
1.4807558162743037 0.0011984744100567435 1
0.9057297317961294 0.03966848682670765 0
1.3963542992451725 -1.2627871919594154 1
-0.34659694009763836 0.5629399128362698 0
2.0218516722467346 -0.2395139776897692 1
0.31896355829045087 0.5000574493620992 0
-0.03621826953553296 0.8757218251116033 1
0.8162027909634856 0.7346241796089183 0
1.818098745906944 0.31551169100857007 1
-0.4635735457966925 0.575428818137045 0
0.8068667160171632 -0.06467668635001772 1
1.856190982941351 0.408921822447585 1
0.23225900685046663 -0.9146111684586421 1
1.9664928088381204 0.09605660905079177 1
1.352278403061445 -0.43421040564680263 1
-0.983559870233675 1.195316678030109 0
0.430384059998999 0.6339865784287282 0
2.2702878901612165 -0.3862655766529602 1
1.3228605786760386 -0.5900656277011966 1
-0.02937984058418891 -0.14119432729550857 1
2.139200533052891 0.190220029383546 1
2.3231020298270106 0.39472315818099246 1
-0.21298755058793148 0.9807321701313483 0
0.25531208503926 -0.33737680405111226 1
2.344827795045131 0.4156838017562893 1
-1.2040957628899476 0.2413855166152802 0
0.45246778993702313 0.5988758305895561 1
1.170631503145447 1.3098699432741672 0
1.1157606115082745 -0.5259961770708463 1
0.34987623543768276 1.4096917391533494 0
1.106464650716945 -0.3100159836160611 1
1.9708507845810932 0.20961204595996014 1
-0.5595438997172771 0.39810693741120506 0
-1.3643640681557485 0.10123469938852378 0
-0.25021197735026957 0.045864762497083114 1
-0.10998858608034998 0.9883608931035249 0
0.4483277428271562 0.9550426957391458 0
-1.193956711801835 0.5890304556211612 0
-1.0539904956149986 0.21869060223748563 0
0.683921474054227 -0.694536839488276 1
0.39394148235727144 -0.4566613387689529 1
0.14755608565281952 1.4102264551023658 0
0.3127127979192868 -0.015995306097159476 1
1.2827674472340491 -0.21076744554543425 1
1.7125553937339446 -0.1506260781139961 1
0.20553910407163928 -0.3754195818319357 1
0.41172998027229646 0.6824543919114071 0
-0.7743030691685954 0.7300791523093988 0
-0.7191601175241568 1.2602539356487066 0
0.11101232798817764 0.37944802607546163 1
0.03475425431665572 0.16385937102125164 1
0.4523188862057076 0.9837744237215326 0
1.837587641298476 0.28745331385130235 1
1.9627063614025897 -0.4949631382538136 1
1.6846303502011648 0.024525075082847417 1
0.7061975891814708 -0.06575116499788469 1
0.761958051597548 0.5932344448575027 0
2.012137632111184 0.6974013915278874 1
0.9935865986103319 0.2795955543861502 0
1.8299436713588868 0.07067868727698128 1
1.28389964394975 -0.4457796702096807 1
-0.9642926957636159 0.9178079292217374 0
0.1272046444632949 0.12779225300585512 1
0.2117985184704488 0.18924273684007867 1
0.7038859101585888 -0.28172887743927744 0
0.14629013976926097 0.611591371834607 0
-0.15691681776143296 -0.18721314738642272 1
0.3730121638964446 -0.4297156927888201 1
0.6147287076395288 -0.6408775121127663 1
0.37393573157129173 1.2379394115461992 0
1.4930958880300225 -0.5058774599385988 1
-0.0968895845231881 -0.23472097874244122 1
0.1743000481685838 0.42379020615450347 0
2.0872160340433235 -0.8220197484980584 1
0.6896353526728194 -0.9122839469216548 1
-0.3966637429324193 0.40108154620345726 0
-1.1982462096555007 0.5816468482794562 0
-0.28704643161664883 1.0614092748199808 0
0.07925793493405178 -0.10448822217814842 1
1.3245782369513694 -0.812812460989063 1
-0.4337492267586698 0.6792466437036437 0
0.5834538817481941 0.6137946734554371 0
2.203828096429824 -0.21455062027092434 1
1.4837952694166043 0.3136781483372631 1
0.2526971981020608 -0.10020405193376325 1
-1.2461735921304833 0.31227762475716825 0
0.90178088483476 -0.43423555463759556 0
0.5445369444733624 0.12078006974064415 0
-0.9856812254315932 0.40809602674902307 0
0.5099695123047386 -0.32915556204283836 0
2.190017584013909 -0.4778843189115721 1
0.3812826077449625 -0.4696279232415287 1
0.7638255674527284 0.4428723524446126 1
-1.3143900561636583 0.19045355210222714 0
1.5207493213799228 -1.0585996659125234 1
0.49617495624654384 1.159249951153064 0
1.55502578310152 -0.6232440896170146 1
1.2166590179340426 0.19450495585574334 1
-0.14739729193190515 1.1705455656515253 0
1.4586924782103798 -0.5209999192339422 1
0.05775265290015266 -0.12504398371253933 1
-0.3384229217794334 0.35562039108869525 1
-0.3946087865606368 0.5360382534492794 1
-0.33406762322163086 -0.32140512845408153 1
-0.27775019838785514 0.7967538895491791 0
-0.5922738543366626 0.6507256704349913 0
-0.4044161892001291 0.1952820076243197 1
-0.15926189634474897 0.8953461150213766 0
-0.13727415327728953 0.44147674553057276 1
1.0769659690605793 -0.46740163143838165 1
-0.9462139665218602 0.3211234413045904 0
0.5030798813116681 1.0978180095062975 0
1.5471961757513064 -0.13557729931137336 1
-1.224013074385096 0.7205993652069145 0
1.141672920244764 -0.518852823557103 1
1.4186264971641231 0.4575928228046677 0
-0.08858839594150159 1.171269566872187 0
-0.33871186905391004 1.0023700438821506 0
1.8712915390519733 0.4315747396329059 1
0.9838220626086582 0.23178719669648382 0
2.1480842516524494 0.5583496979659195 1
0.47290853562766955 0.9883292837017482 0
-0.8281828612939559 0.27904561617007817 0
-0.2928509950593198 0.3085703947940819 1
0.7934414376547347 0.2027195606141621 0
0.1953256676806134 -0.1675419329371701 1
-0.6726226252922679 0.1776712024145649 0
1.0892248027115368 0.6527164558283927 0
-1.3003010360207687 0.40559628455549623 0
0.42843509880791963 0.8068526356813032 0
0.997042970740431 0.8521677182307287 0
0.7738182551462529 0.08581931347955557 0
1.7283407742486139 -0.5223358592016132 1
0.7706652511875953 -0.564722201615943 1
1.699238567786524 0.3063779236384863 1
0.5502318720082489 -0.014867928990985324 1
-0.6195334928426718 0.9953780477930299 0
-1.259813636672475 0.2503193975081106 0
1.802435766618915 -0.1837970348613818 1
0.30153222929583423 0.8126625071880318 0
0.8682705131380306 -0.172727760155159 1
1.1243579823071217 1.4332334847105899 0
0.3300334662269687 -0.2786922852191234 1
1.878076427858678 -0.036546238406695075 1
-1.1110446417435125 -0.5778979089330317 0
-0.09768185490251907 1.1084744146178767 0
0.005000289429592186 0.952663387310009 0
0.26458025076459657 1.0820360574430368 0
0.6588148233652568 0.6426997889662075 0
0.19643444871898505 0.6813102050858559 0
-0.37027704984057563 1.0095459847914094 0
1.750624227724925 -0.5769608619615049 1
-0.910530119159502 -0.05274471186570002 0
1.1130615523138518 0.4082948591835607 0
0.583185843992793 -0.3547684440655414 0
-1.3357556427525172 0.21045846045853867 0
-0.6633093095101625 0.420902232597154 0
0.125200863080355 -0.28024626116643214 1
0.5227668843616983 0.04583667856453211 0
-0.7329635886835201 0.41797591779734494 0
0.27099538458057215 -0.7990471517770255 1
1.913913584819724 0.23472786153526326 1
-0.006097708540175977 0.495041555065835 1
0.5338582941006451 0.35535976461398255 0
-0.03463482724206743 1.3359683184579343 0
-1.0954805125516138 0.05870976403889416 0
0.8773093734729328 -0.604067075147947 1
-0.1018085374727346 0.4624131084312595 0
0.5895907675288798 1.5272217538624007 0
0.9983244489084169 -0.519493077816266 1
0.39821217275010873 0.14436366767012143 1
0.48331645898069886 0.3884472575334922 0
-0.5340283207452587 0.3092532937301843 0
0.28324965824211823 -0.20715466542013738 1
-0.6319067358985804 0.8441016990198202 0
0.4656187886922556 -0.30610453216312994 1
0.4163568667620105 -0.5892256199189962 1
0.658307336393396 -0.278566758028349 1
1.79912992485795 0.09496887440886698 1
0.2700686458343154 -0.21529888025113658 1
0.27759753466634873 -0.18127751600532396 1
0.338372895958717 0.831293748965925 0
0.033113737794477294 1.2874231755035788 0
-0.6540442649802976 0.7360120515934255 0
0.01257844886088906 0.5791237031628076 1
-0.7651963723657573 0.18314518557687023 0
1.2030831695830082 -0.42683274315327263 1
0.17582752087359788 -0.2666555277459004 1
-0.6592705970706 1.1467273340315485 0
-0.7172204480136031 0.525967739506319 0
0.5871845999525631 0.6707804636562518 0
-0.16476775003322464 0.11776650533657854 1
0.14952969307750294 0.2996648038091152 0
0.4541323931284381 0.13802648230142556 1
0.7606321326433827 1.1213409071064468 0
-0.7414825143866277 -0.13774607759957025 0
0.5213537171745317 0.553049784858038 0
1.9410795977247193 -0.1527803291030327 1
2.2188739917636204 0.3114367071262121 1
0.10507026727726049 -0.01622825244097159 1
-1.0179990661871272 0.3990122696369537 0
0.19170516882705993 0.6836347914677281 0
-0.22828347371791685 1.506719061243033 0
0.3780663840694567 0.019985391625906263 1
-0.6442018867195146 1.306775109610006 0
0.9884150349796254 -0.42267865832746154 1
0.6442686914559985 -0.42089114584805387 1
2.115784419110512 -0.3281256228044634 1
1.058775237379061 0.5463916844852804 0
0.27603180084588275 0.38450491390977587 1
1.857631051351069 -0.13679532220188542 1
0.9724114417904559 -0.08638109919306429 0
1.2259918172805098 -0.5115348912849923 1
-0.8088523351776644 0.2917238269842699 0
1.8066165391173987 -0.6755277385904326 1
1.4313403562848865 -0.484498357828345 1
1.0044145167226706 -0.24008144405934634 1
-0.0049090765140411 1.2040823183684382 0
0.4024546631692185 -0.11295709817671234 1
1.4667742048705303 -0.4063675213849578 1
-0.9751181986956444 0.3617953259217539 0
0.4348792335740904 0.29203375673192716 1
1.044756333501718 0.3909351856992115 0
-0.08438160285427082 0.9287771857338125 0
0.5093663801421129 -0.25693190034602936 1
0.45581166808698037 -0.06811274248839674 1
-0.22384719861004143 1.4828021301784613 0
0.31954886202996735 1.410919338217565 0
1.2232058278657496 -0.07540263732593312 1
2.3462268570378875 0.21050025016686547 1
0.5856251998826207 -0.22091841743818777 1
0.9114882169242663 0.12364893385782083 0
1.6352192995126806 0.3970447965617072 1
0.9512754693906814 0.5886342178537746 0
0.4201318248193177 -0.5771193894148553 1
-1.2022013148429145 -0.08358248536518095 0
0.1376707716069555 0.05843258716096744 1
0.7096983583859253 -0.5125099944495981 1
1.454290802210387 -0.6749460396935845 1
0.24310333412639729 1.2700176381647763 0
-1.2957897679533759 -0.2884304846351597 0
-0.10657081549689486 0.2816822259088162 1
2.1349697918441146 0.2984902952168444 1
2.2791669557826957 -0.26673173518402216 1
0.03600699988040722 -0.3110155229811972 1
0.2882288718170821 0.18135231948774322 1
0.13006217192957323 1.1149596745829322 0
-0.292237702355546 0.7500313605745952 0
-0.6591853592069322 1.0780549439016265 0
-1.5488462696801046 0.6377706801063119 0
0.5606043112254392 0.2798662897954352 1
0.8278231152783374 1.349624178814677 0
1.6405127045267736 -0.5791027327137509 1
-1.0385259527776038 0.5502509694580346 0
1.5457576961535524 0.6434550257113445 1
0.9407955086421909 0.21159003913028884 0
1.8084212796603918 0.5327143138188574 1
0.8388717212388419 -0.3864495711789518 1
1.8367026966324171 -0.057831362618115424 1
1.1531248775557208 0.3642250943918303 0
0.742019693242852 -0.14183961531842 1
-0.656769728473573 0.8512125163001663 0
-0.057668001661792756 1.1663320993325783 0
1.748286974165823 -0.233347604528447 1
-1.39681091360973 0.2867813974441595 0
1.6972968344102592 -0.3855060406096593 1
-0.8726386890834037 -0.15215754328371078 0
1.5340566545661432 0.09284910680287886 1
0.14112740871737112 1.327973313251627 0
0.6023707138595009 -0.23469794008056116 1
0.36998325064211607 0.12075663208461718 1
1.1846087876524267 0.9840599271972885 0
0.0015597179414313309 0.9243588362712108 0
0.6740639982151703 -0.42507518967571717 1
1.8888817971667264 0.14625730147321886 1
-0.3875416762241256 0.40665308680706225 0
-0.37710739218339545 0.49295185733477326 0
2.1878982061558987 -0.34071522131213894 1
0.2352414548511217 -0.4341450438306737 1
1.2597630628607237 0.3532881811156117 0
-0.9879040372038607 0.30224053397531914 0
1.8460643534931365 -0.6718568205279694 1
0.25364624781521383 0.2620814903442489 1
0.5911836951539452 0.45722351161609187 0
0.15103901068983283 -0.23770759638371808 1
1.6592242669990245 0.4926755430206609 1
-1.0842117679236791 -0.09554843450858767 0
0.31219834504845323 0.2575658617299597 1
1.222495300337487 -0.47587145963239835 1
0.906604110242338 -0.5209923418543431 1
-1.1610404149864744 -0.3391696461135747 0
0.05887499347363444 0.32391484331918835 1
0.24443185015270866 0.02492292945982548 1
0.007017243928200578 -0.34418632431516993 1
2.121408499010258 0.09282303448322825 1
2.0785226029077912 0.4996384917719827 1
0.2580453463477968 -0.4365312399367725 1
-0.8458552170245888 -0.14810266410363815 0
-0.6454169908440247 0.9717222398731378 0
0.4987293003314042 0.6432420919209523 1
-0.7239734369644796 -0.036998594389969636 1
0.807357105118071 -0.7050305206319337 1
1.5909131843280038 -0.08912391466396508 1
0.32232724228703036 -0.016376666859599265 1
0.5074283275278357 0.6122617013530598 0
1.4998638615785518 0.3407707014459375 0
-0.9278616293537765 0.5341128309739935 0
0.2510052942421361 0.9791773431910007 0
1.002353215377288 0.35681880250719483 0
0.3683904555372283 1.068993440630948 0
0.4280704345570294 0.8137453365956739 0
-0.5178809069973499 0.6678255645777995 0
0.08408307097091862 0.19762990056409607 1
1.0910491591138431 0.8607955028860113 0
-0.8599684480523494 0.7530461141910789 0
-0.8346987101830221 0.31156814942809974 0
1.8040727619344445 -0.17549839001934792 1
0.6254947356827778 1.1312131622456607 0
1.2787364411516626 -0.3674956250614215 1
-0.6331763936722928 0.5828024662361642 0
2.608078051107739 0.7007066605647054 1
-0.6772257772441271 1.0009813471097653 0
0.7188378632957559 1.0856438706130014 0
-0.3642987854874261 1.3588798604038999 0
1.1327175279692019 0.7304517901979081 0
0.7967171773889329 0.3385308217807989 0
2.3140952820676604 -0.12791845499877405 1
2.135237486545664 0.26768972517668466 1
0.2918884818320515 1.2472608454941851 0
-0.3682063212130533 0.24260770615007893 1
1.5046799684038072 0.7584561934679945 1
-0.36569327206952046 0.7272361434879051 0
0.7512489426916207 -0.2586435161347984 1
0.16794827757489045 0.7048789224107729 0
-1.367162940473086 0.8361396169095108 0
-0.8604785566746399 0.6824737390123796 0
0.10690325475346274 1.0319300656245494 0
0.7356944951030915 1.2154749208077722 0
-0.5888316121305299 0.5305494278099945 0
0.7695689339626729 -0.0959705467207233 0
1.3313249834205523 -0.4317235883521261 1
0.0458436877580356 -0.3464566948695216 1
0.8907292378879959 0.4766607340684178 0
1.2707401048884794 0.9680130851030164 0
-1.4763848947694778 0.5015900861277263 0
1.4703282655817578 -0.6050664875778989 1
-0.40115004784374375 1.146967287279498 0
1.1236296274848168 -0.3884779745346486 1
1.6236204520873525 -0.5440848286221185 1
0.4581745632826137 0.882633622634495 0
0.9004541617732833 -0.7110896036097231 1
0.01299320431221377 0.391860873004468 1
1.7648679735096056 0.13409043279576072 1
0.6201746678094423 -0.4814535264764996 1
0.7476737361875846 0.6233992109592285 0
0.15756853001936394 0.043996333990414305 1
-1.042053937638664 0.536764093456744 0
0.8370725026681036 -0.655024004180524 1
-0.28059370943917517 0.8350656180784739 0
-1.0776131137978782 0.6047920145345447 0
2.1999349429595654 -0.09831756825263308 1
1.544599376846843 0.3593988681830151 0
0.42606887115780523 0.9829381916066515 0
1.8892403107107976 0.4832520962758758 1
-0.44017003989457 0.5520801297725486 0
1.6586929841928966 0.36879457248173275 1
0.20835900954385517 1.424983074556725 0
1.6739279697669893 -0.6363693518736844 1
1.2373291197121745 0.5300188691044191 0
0.8955463586365673 0.5455338485298997 0
0.022450074992456746 0.3212202201007581 1
1.6596382618815906 0.0775565745953995 1
1.543794175435304 -0.166618907149733 1
-0.7715453759136044 1.0095778981002275 0
-0.09105015260125515 0.3706619201936333 0
0.16012274102859184 -0.5833017627735153 1
0.5665621403239138 0.8964869258097785 0
1.1769274119160291 -0.9935305411699941 1
1.1348925053110768 -0.9836892143380012 1
0.7464529564506797 0.7278242699602727 0
0.4288158729608045 -0.5911798837858174 1
-0.4322877342269983 -0.14359845034967497 0
0.21449780846052502 0.1791299343631823 0
0.9694702502026535 -0.5617921469466665 1
-0.02532615763860413 1.2107753147823714 0
-0.9774970513410549 0.33807112362418423 0
-0.43755352537849446 0.7564829847040663 0
0.8426398025761426 -0.6526857029659984 1
-0.6094394434995367 1.2399377259925288 0
1.7060788398821802 -0.17708735650201607 1
1.7442506153729296 -0.38523196281298183 1
-0.21139683884034471 0.845697373298173 0
1.7272036897952494 0.2170457063155745 1
-0.0017762416693888894 0.9844026218543449 0
-0.48986975033631114 1.2357300132029219 0
1.6352246934246442 0.8352342378330246 1
0.40043807570514034 0.49180829261376147 1
0.46552955179544675 0.5933567123161909 0
-0.6230572579733404 1.1105109926285688 0
-0.9770068702064515 -0.07790386852279217 0
1.8904577773471944 0.18851294410124284 1
0.6768301675255203 0.2231119412844662 0
0.3281990541268996 -0.28071652725440793 1
-0.4021218725336356 0.8153077371228572 0
1.3695679400193495 0.9211257711811899 1
1.7212851456775178 -0.45699042611948193 1
0.07960559765281738 0.06735810199154885 1
-1.0203178167890352 0.6766388773916099 0
0.7779317042241258 -0.13841868093869888 1
-0.08607092249618875 1.0304239638928865 0
0.25207027934816595 1.2166542636958368 0
-0.20238886101373554 0.11459719412879343 1
2.487411743485391 0.4574570230251223 1
1.116047870516776 0.0010191889947031574 0
-0.35285212326944804 -0.1605461400923977 0
-0.14707100560931738 0.5367131084854011 1
0.7264982436453665 0.13063224522353112 0
0.044457138919448 1.0816349121344748 0
-0.2569658676464873 1.0064505056376543 0
0.5533208827791032 0.5257353078665956 0
0.6568578664085954 0.31951542204477934 0
0.6327046170837688 1.3475413944625945 0
2.191939287306351 0.36648975671818723 1
1.1864572636418502 0.5191050977862661 0
0.12421204751019274 -0.043792723117606625 1
0.262188682217384 -0.6824393414109551 1
-1.0635209911414738 0.4124943328803991 0
-0.0824245192156872 0.5718997832736055 0
0.9759255165018764 0.37603215780202254 0
0.2605427745290442 0.8508890860674408 0
0.6255103280885728 0.7536089974362523 0
-0.3565755192613985 0.7659772880234007 0
2.0084236250451313 -0.17997816379752862 1
-0.6453639613747744 1.3026224686755594 0
-0.6096843012534677 0.8073527950535471 0
1.4224162369244469 -0.03919393213193295 1
-0.6844266846136463 1.565750668975449 0
-0.4210005645510092 0.3909758258032785 0
-0.4483609026062164 0.9739154893801775 0
0.952000037687332 -0.4684336857937501 1
-0.2316799021414676 -0.5888099716561306 1
-0.8402819642233246 0.5926132063020016 0
0.07779583355587616 1.2389132433514152 0
1.4291458379338569 -0.443832073665845 1
1.069923615634362 0.08505378336956713 0
1.730935305701725 0.4060904723217984 1
1.3666400619425163 0.6003317120610234 0
1.77205107557661 -0.05085592699666164 1
1.3170504757695243 -0.9162810994519581 1
-0.6913923641900236 1.2447120041361373 0
-0.011770796406410586 0.9341467412226584 0
-0.41111419489108947 1.4410210172076396 0
0.7974540262381136 -0.5543103144705009 1
0.21372953946103984 0.3675671391885945 1
0.8116396017421424 0.6761467745101108 0
-0.39186526228314705 1.133564390197671 0
1.8412193708491833 0.452093562231072 1
0.6065893305050665 -0.013890590463466967 1
-0.5179915215861096 0.6301786651961094 0
-0.1036904694702213 1.0664310470885248 0
0.768126678479796 0.6502814872506278 0
-0.351692542409377 1.201698390868736 0
0.9021528800562255 -0.5736749082496887 1
-0.5395822157570606 1.0880567177371365 0
0.6530901577830086 0.2975745356774339 0
0.5593787886117726 -0.44058435521180894 1
-1.1724614080597764 0.8593084848843524 0
0.03718544442009053 0.10714969652867137 1
-0.015336152958242874 0.7029160367596209 1
-0.05439137241010937 0.5071173275982359 0
