-0.7947821814189762 1.0388991442512872 0
0.3748959022917285 0.5997636704199327 1
0.5075459674999955 1.9371450410924083 0
1.9436137002356262 -0.6286274324839363 1
-0.10971850250066037 1.08234153714188 0
-0.13863985489317365 0.08520888984536912 0
1.1071279554780213 -0.7129537342526682 1
2.1949464631012345 -0.33030339324230396 1
-0.47242612460564404 0.023301660624916454 0
2.207782950145292 -0.1819108644087572 1
1.6910497325899891 0.3560638771523768 0
-0.5258654483607442 0.18291166424899685 0
1.5625108746629193 0.7354463235010025 1
0.17608365023909583 1.0450140513909927 0
0.6080568715988645 -0.5953532056523366 1
-0.5671894797770916 0.7343754729504756 0
3.4414705166470636 0.5806862979344414 0
-0.8292157971287089 0.6597732330694246 1
0.6762617529355711 -0.0875407494737227 1
-0.7343319622571649 -0.2615248212664526 1
-0.6493671606634364 1.4229907414789649 0
0.24357404915515496 -0.9640096151918827 1
0.6843439569660076 -0.7431468628323014 1
2.0828738157218245 -0.5490592663134245 1
-0.48172845281709875 -0.7896827265163815 0
1.4657190097302581 0.634523385518087 1
0.7909519247128454 1.5370839331171111 0
1.9587142807491742 -0.5274575360858705 0
1.9892939654804782 -0.46130656478226745 1
0.5861781477754897 -0.6857138214302176 1
0.2944772222095758 -0.8325146570068078 1
2.326285897293209 -0.8411250823705777 1
0.3439402591828477 0.9734148368142579 0
0.42115283917080903 -1.1619101736310768 1
-1.5535139803961355 -0.25802797633977304 0
1.1111904082625823 0.7780992193248163 0
-0.28687678842234815 1.1042319267359886 0
0.5933303431529535 -0.8002811172803335 0
2.687633718912563 -0.0032141545786750214 1
-0.8013782383154346 0.033809837190861836 0
0.306440699345806 0.8559053890652993 1
-0.754449854140037 -0.9778853322675422 1
0.3021331022867587 -0.43625233017069065 1
0.23556780311866307 2.4284369433119464 0
0.36790937094859233 -0.9735621674107371 0
-0.0702491524165868 -0.17579623085014112 1
1.486577956058984 0.49644946120585937 0
-1.0575874234614304 0.25830076216641557 0
0.8749953135826329 -0.6018189715601396 1
0.15392144797525426 0.3327899603356319 0
1.8259145008193363 -0.11563597479622906 1
0.413444307749838 -1.1991383406547247 0
-0.8017496516455513 1.2619737368327621 0
-0.014763354095373216 0.4975761165222249 0
2.2296872603058766 -0.2797048972102428 1
-1.4718030679668004 -0.1950257991854224 0
0.16820095738853402 0.4769396391704377 1
1.4366042056583193 0.9240276816942352 0
-0.9414170798463968 0.8179161507712711 1
1.321609963427615 -0.36226840463354903 0
0.21213434818119922 0.2793204065323116 0
-1.3539925642546322 0.36826942634934456 0
0.6445974648521626 -1.046249109545018 0
-0.23173454093347134 -0.1459328654186165 0
-0.3213485661056423 0.7318014629392624 0
0.3022101317138491 -0.1393915476207941 0
0.5824757328627377 1.005346629244169 1
1.3873910480141776 -0.18126439862162277 1
0.9512887064395785 -1.5605134929735174 1
0.5225688398057315 -0.5209492943866374 1
0.06426056895677013 1.0968307713190164 0
-1.1727713478141144 -0.35807508941064636 0
0.0904678159510272 0.3233631980358644 1
0.405980099195215 -0.8721634656194869 1
1.5345194857832327 -0.9052031284644803 1
0.5938838273527995 -0.11599760780462598 0
2.1925808028925777 0.6142687582899322 1
0.3139176300065481 -1.0132006686632273 1
-1.6662615163109002 0.6867070388757407 0
-1.9480949335759288 -0.4838572362296637 0
0.12161145849426469 -0.2207832188301982 1
-0.06425911577922244 0.5684165521563638 0
1.43230875476769 0.1835506506108556 1
0.09867996357851494 2.2649699446120874 0
0.8655132682944742 0.8390389115514586 0
0.6609103270682177 0.46903088982214813 0
1.2616812042133678 -1.3254524413703046 1
1.688527151299757 -0.1535251602061429 1
1.2248756318826828 0.9700371700454331 1
0.4929058398795013 -0.03358182793732287 0
0.39104198388285727 0.7404216488034079 1
1.90571836998277 0.7906367391691498 0
0.6438943993236208 0.06098594268621271 0
-0.4279798052255662 1.0261406853875874 0
0.4459905807601998 0.9407498290126514 0
-1.0429138484638452 1.6974193454384172 0
0.16018192537047254 0.10226010941971522 1
-0.1357750670441028 -0.910461629156049 0
0.14946248208492485 -1.6758865194792822 0
1.8311022708269733 -0.09795601476309437 1
1.8945387984489048 -0.6577526595572384 1
-0.8554060366950268 1.0843920219612375 0
-1.6882443425431486 0.12367224213561448 0
-1.6018605705250255 1.3035634546941532 0
-0.0032150264404543494 1.671532661367705 0
1.3107580103359804 0.05972521943054432 1
1.6647073109727633 -0.5256845797537372 1
1.4012321037075117 -0.43247560393567286 1
0.7124897686079181 -0.6689657346435958 1
1.956417802136321 0.5322440153558597 1
3.624080853991467 -0.37212294739129503 1
0.43314051808027754 0.13434348838595161 1
1.3758518826243642 0.38177587135865787 0
-0.5530823831415669 0.5044787556646686 0
-1.009957367709871 1.0246679766338536 0
-0.8806501664143705 0.2768722833845902 0
2.722700925290425 0.08838076822797736 1
1.723174737523539 -0.39974817591001843 1
1.159181177876531 0.09711207352946044 1
-0.467625440458149 0.5878683058117276 1
-0.030819063806397477 -0.05377396582146632 0
-0.5834978630877166 1.390368908912237 0
-0.6954646592944459 0.9666884085714832 0
0.8403529832660832 0.9726551992919946 1
-0.34834153695127834 0.7030329802829827 1
0.04799986951755497 -0.5291979535261839 0
-1.4700881119982843 0.3515544010022971 0
1.3288440047499304 -0.22111222460890567 1
3.004685387951586 0.9535451801431741 1
1.1533998159584737 0.14231892280439223 1
-0.8297306217595396 -0.13127043531777927 0
1.0905914266865535 0.697973565607091 0
0.44673081045366403 -0.3237216649120287 1
1.447788325405147 1.7803624325590512 0
0.530958247364676 1.4663914912074163 0
0.5194135575015331 -1.0092650118499806 1
2.0619696797432256 -0.3216644245377408 1
-0.014786239650027316 1.2702526496298288 0
1.8862782035431607 -1.3220701237412442 1
1.2695521587792307 -1.3993453639309283 1
-0.02442191319866005 1.4104127395983919 0
2.556141873888642 0.21819404167480982 1
0.007001281517142799 -0.2450178413559074 1
-1.1133655685489372 0.8525885766197213 0
3.7177684765637364 -0.19408951800119645 1
-1.7782945316598653 0.02003339135587434 0
0.7266946800731517 0.5425984841196512 0
0.7437421853018238 -1.8316056608831561 1
0.4532312491595235 0.7732950828582289 1
0.9672639972183238 1.1578787929589254 0
-0.8757938480056573 0.6905464646640054 0
0.08414618729621412 1.7399517770216617 0
0.1714952857897761 0.36679994541768013 0
-0.7542456300831892 0.9558941371173022 0
2.448369839243685 -0.6853723053934635 1
-1.1675675959250236 1.5843606819704008 0
-0.5242178125117305 0.42853597948668065 0
0.9193491048388818 -1.181507753719519 1
0.3130256972310417 -0.5108316890277789 0
0.25296137018196135 0.0357536096124057 1
2.521333721423354 0.030133622076729427 1
2.160077263283359 -0.1162456349608138 1
0.7511231070044324 -0.37701624357543007 1
3.0095364158957 1.0394253213015192 1
2.2859234768701473 0.6378982255816841 0
-0.4124800755966279 -0.5343991360318763 1
0.41611369590397707 -1.048251180195075 1
0.5570544268512075 2.1779407486608715 0
-0.773667660198614 1.6143803602356406 0
-0.8205221366840598 1.144804001911062 0
0.9527982045980469 0.41258135154459075 1
0.9912177049538686 -0.671496861895104 1
0.9666367373218231 1.620556923481002 0
2.6483747125008703 0.20459086028426204 1
1.6167116905498973 0.8318797786368217 0
0.4801910693832996 0.30301159436207714 0
1.5377698878783743 -1.050810020009116 1
0.5655641134608506 -1.1530361828874733 1
0.24378391277103084 -1.336917522026405 1
0.5546970895843123 -0.9784111542701039 1
-0.18241014290412683 0.8553759749897036 0
-1.6952722120086168 -0.010349939662548796 0
-1.4616712970368282 0.18741066802686224 0
0.19096647175030534 0.6607666556204945 0
0.0373697238739121 0.02103318283950406 0
1.037988021840557 0.40500505308033485 0
0.09509961240129694 0.4441847856669866 1
0.40750339118689344 0.14943976664518754 1
-0.14426830832195958 0.08454829005129283 0
1.6791751802092114 -0.030032389916844135 1
2.3571661767616776 0.8119179334656828 1
-0.33979115549504546 1.9453054624069663 0
0.9668838426503535 2.2944084916204064 0
0.2658331610039297 -0.28697751701354357 0
0.08052796901161141 -1.1079895808235942 0
1.2824550955402625 0.7902769513087777 1
-0.6792658785399837 2.1904288080621925 0
-1.121136547333114 0.47850938614743155 0
0.9506571482882438 1.0021724931912868 1
0.7122078645229588 -0.5857792860718769 1
2.0109555113027806 -0.44710293012915586 1
-0.14027853931896922 1.499254365151875 0
0.9365778677497166 -0.25191013572351123 0
0.9535776215618299 0.7264342365178454 0
-1.58440423086757 2.320144349043607 0
0.2947700491160648 0.6079895799540489 1
-0.2473291037891309 1.9813800232839591 0
1.1784709179317678 0.2994613974762385 0
0.23770955668024907 -0.9857938617833736 0
0.3934656569887214 -0.5207736344820948 1
0.4100250018419579 0.7902981710741017 0
0.26738374518106467 0.27401061728883325 0
-0.5913663713513952 1.801851614602764 0
0.6264392996673688 -0.5205293560538538 1
-0.7111448921226153 -0.7743244346478175 0
-1.144467775758499 0.9039802083449271 0
0.27314108666153364 -0.2609622924978973 1
-0.8518300639868294 -0.7602948979229581 0
0.5362775194304737 -0.21642358126121064 1
0.34960519444371874 -0.07829155098099891 1
-0.013215687311530111 0.7293742929641436 0
2.2026824358721884 0.06850298696789445 0
-0.8546076902990078 0.13959568185039384 0
1.1519115464413763 0.5749012110354492 0
0.7927964536146765 1.714558300936143 0
0.5780731804236747 -0.6558314440206386 1
1.5052977939051848 -1.2401384411658483 1
0.42843308066593083 -1.822495621068875 1
1.7172163663322173 -0.5576361355962214 1
0.19064569275855262 2.0247903040581097 0
0.171119968126832 0.6948375721549732 1
2.3858452579123677 0.405165624609542 1
0.9808644659268453 -1.0096880906108034 1
0.7641445269934479 2.017055635093522 0
2.198588303032081 0.5037005553865863 0
-0.1082171903519083 -0.18543529491274252 1
-0.5249678735210569 1.278491355636541 0
1.6493634246361522 0.3950279123140631 1
0.162084395707212 -0.4915918402345727 1
0.9177937201559275 0.19244994069819166 1
-0.055352249390910435 -1.8051891294848885 1
1.3540291125482384 0.002475520972002987 1
1.8159093200811376 0.8704570112468918 0
2.708436512719918 -0.15695801258530456 1
1.3060176123316192 -0.46084575466371236 1
0.8339905010491792 0.980653949837268 0
-0.8165389172743354 0.4583119547371607 0
0.622940485074075 -0.8340757188418235 1
-1.1159011774642578 1.4338783618818098 0
0.47233266887947617 1.846764220427283 0
1.1479054243065456 -0.33150127576474686 0
-0.21369488707780693 1.7917414275535153 0
0.8031516995502508 0.20768099717637364 1
2.076882439625102 1.317168241094863 1
1.5813901549945693 -0.9290317395785828 1
0.04002600228430664 1.068077416333142 0
1.8765615412066707 0.02396192295096433 1
1.6574673959064972 0.5341973137798871 1
-0.5645504110663694 -0.3175771389434282 1
1.6168347298634895 0.8530667191797652 0
0.02389449858165471 -0.2955037741183169 1
1.8757271977256869 -1.1730513069456756 1
0.7767272263443417 -0.1224847905542592 0
0.5829994297242646 0.4724277471613383 1
1.8791907745730339 0.050494473061423684 1
0.712842249640174 0.855855516329859 0
0.530886705585343 0.22085209818712848 0
0.24887573065035645 0.3830481026789745 1
-0.002699404605978062 0.6456822252934117 0
-0.08418747597224718 0.9325192203807982 0
1.2167834427513764 1.055448007169524 0
-0.7347723390899782 0.41758411680431073 0
0.4161618319096896 -0.25044064919903075 1
0.9936235965072309 -1.1715623101801649 1
1.7043659747362518 -1.3242410940850566 1
-0.31960305448614235 0.39238223144150947 0
0.43166728334186244 0.27516318863457423 0
2.3485776365306785 -0.20972536969637295 1
1.4365784154597552 0.6396581170981621 1
0.4917206809566902 1.2815943083428527 0
-0.837147735873383 -0.7968909961738606 0
1.1926561126505244 0.4462669070193658 1
1.1755423439436892 1.1542226130519269 1
-0.1295091894912173 -0.9593694541869764 1
-0.04882124950131844 0.7001946133492186 1
0.23305111932792 -0.5664800147917128 1
0.4737805130477053 0.07626908394399945 1
-0.6809510839310737 -0.06008695169058903 1
0.04644562771945055 2.879893804293329 0
0.8121367251115084 0.9495455229979317 0
1.4439459695920918 1.6705927684062236 1
2.7636771697314915 -0.6969126665981317 1
0.9644048221052703 1.02839513252961 1
1.6243837738344649 -0.6456178931988102 1
-0.5064365963587637 0.8499616092655466 0
1.2308675025088598 -0.11904984433804677 0
-2.169511890528816 0.7815737997428263 0
-0.11812146304101723 -0.9935375667806613 1
-0.22713815938202053 -0.3678141732303476 1
-1.4758144949158871 -0.2820372272192543 0
1.0411497192481973 -0.05558731742329592 1
1.8415246172572317 0.27275880538578423 1
1.8425426003428411 -0.3812622184997901 1
-0.8083780541462535 0.5753948454346152 0
0.9260235909231113 0.7077093438120621 0
1.7257819016000173 -0.5831867210323376 1
0.8189644518219472 0.6077541082250653 0
-1.113255084711501 2.0166187828509603 0
-0.31050819894200665 1.803859764936271 0
0.4686504365938189 -0.7833919302840326 0
0.29238492495356355 1.6880150299124916 0
0.651054226385589 -0.3778267531806482 1
0.2412627020544954 0.9966651577689497 0
2.5888640583822218 0.33194668803823013 1
3.4588389910206274 1.2924163442108836 1
-1.2201407617522935 1.1551714985385573 0
-0.32582120156318145 1.4374898073305864 0
1.3093641591188359 -0.09327060271416221 1
0.30776234393519486 -0.13846699712907973 1
0.9708073422191534 0.12306444569458308 0
-0.5701243040968084 -0.9006272072414332 1
0.06421107787745634 1.4274426655023769 0
-1.1916750308476192 1.1293018887183217 0
2.462375607831011 -1.1896207540316395 1
0.35879715889706 -1.9683916606379839 1
1.7117912648735951 -0.9897468834027983 1
0.5797095513266797 1.3521177719038355 0
0.4693862255295931 -1.8100210102559509 0
3.1183010834003655 0.17165091931604332 1
0.7379051912994758 1.1223551484061352 0
-0.5001983049043647 0.9600518314670314 0
-0.8251414416223863 0.9960585748854154 0
-0.5381254521166429 1.50383470708464 0
-0.13399129011821492 0.25467883688439275 0
-0.664822173301927 0.4089340786613078 0
0.19339298352958145 1.4920219820515368 0
0.303205949591404 -0.6057415101276317 1
0.8608829781995677 -0.44743100080090803 0
-1.8842826768374374 -0.06340235070942069 0
-0.48970518021965137 0.5692624642318302 0
-0.518112217356171 -0.029794662393951288 1
0.858979997869765 1.8537036331078962 0
1.072683534348107 -0.14979573602522134 1
-0.21989324634095586 -0.12972977257825702 0
0.5543149783029329 -0.5145731395091144 0
-1.0576392305920626 0.7030607211503845 0
0.0809875633186156 -0.2675398396191372 1
-0.49202381025618475 0.8408171974889551 0
-0.9103360569315772 0.35851044560847034 0
-1.627921423787924 0.6597669855049564 0
1.7218416294809094 0.5824275411822922 1
-1.1139542075070599 -0.5334154944333527 1
0.6920830420906188 -0.21530994195012648 1
-0.31305303056991596 0.5590857637587979 0
-0.7502135091010509 1.6092140592222264 0
0.07338019811561841 1.9850087380394603 0
0.729493831995101 0.6646499838795633 1
0.6004959408567841 1.1998292838084414 0
0.14488326838521004 0.819847086058976 0
0.17157964993028652 0.17817159218068357 0
0.7823839974860209 0.6467740075665459 0
1.2092412690065548 -0.2398438262841619 0
1.1128558882763677 -1.5493048003711238 1
-0.4626098935308447 -0.20341013032695546 1
2.0375539185417377 -0.14620028414509545 0
0.870213287579439 -1.4827467156779817 1
1.9534992391149943 0.5283782893808839 1
2.4112668921775673 -0.9749959845031484 1
-0.9737780824778991 0.37763656103208276 0
-0.585394381803711 1.125117847964505 0
-0.5954865447177884 0.9622684670247472 0
0.25571819310214305 -0.14535573534968527 1
1.1182003961973481 -1.6431745177732218 1
0.7128137451292533 -0.36667163165146605 0
1.5512935869735718 1.3862288490530346 1
-0.8017573421336792 1.2265820328344597 0
0.020797322448040646 0.8353974166550668 1
1.106928804938419 0.6724813292133989 0
-0.4799633245859874 1.1005344222685014 0
1.1924040336891775 0.29219913701563405 1
0.787313337434725 -0.24508431603555558 1
0.7468986596313909 1.4164634609135023 0
2.3834980799509906 0.2856606445489094 1
1.8991561303281586 -0.7664013134867776 1
-0.9522904674183337 -0.30750415551083243 0
0.24812265438016923 0.5248417936115066 0
1.8174103413368763 1.083524341009286 1
0.8372599483772402 0.177318752688587 0
0.3483638879732648 1.2628805811199721 0
1.045147873821144 2.1000960517599765 0
0.8933896272926901 1.3251963818109216 0
1.7913080013799698 1.126615080295427 0
-0.4265143732801652 -0.059641228511647215 1
2.7844758804176033 -0.03190025207060222 1
1.1480266591644726 -0.2513471739004307 1
2.2259712256528017 0.7034479796732187 1
0.29460819097503765 -1.603266688785661 1
0.5341677172413528 1.5999958599064898 1
1.8717695920365505 -0.9215624936010409 1
0.9834015151767466 0.8223740835123834 0
1.5841764541448737 0.47782519601260076 0
1.307471668580828 0.10084385023799025 0
-0.954542782202401 0.41020571086112284 1
-0.48706375345712605 2.1154652203931628 0
2.2928761683769165 1.522791422271146 1
-1.0596848839879245 0.2291024012968479 0
1.2991320128969943 0.31187285534759007 0
1.6074466301229648 0.08049659486667649 1
-0.8048450817128583 0.36381337938563996 1
-1.3131356688725289 0.6142982692064917 0
2.1595469785935597 0.04831079455314213 1
2.4743611564987225 -0.20176096701276364 0
0.20161688159023528 -0.8245234788333387 1
0.8169523302299879 -0.03643184874841782 1
0.39806570835198785 0.33414443093091895 1
0.5861717883203021 0.052217728078279846 0
-1.016975702892319 1.634216947385776 0
1.125972529743923 0.20469279038677285 0
0.44423576711083856 -1.1081054456909452 1
-2.148638696317695 1.1389605701728618 0
0.66073913873155 -0.19320317964824235 1
-1.364562580472095 0.0020246483474166688 0
-0.6646109728598752 0.23828550832480816 0
-2.1948733175564636 -0.18512658422627865 0
1.4371965657747676 -0.40322049494233864 1
-1.0349188874582116 1.435641545314561 0
2.7346396679128 -0.9499416412888562 1
0.479448471122547 0.08222901817998707 0
-0.42799162090947673 1.1407631813934755 0
-1.2569806536750467 -0.06607176971117967 0
1.1328460669262588 -0.8227068274574985 1
0.5441400181292069 0.44983925954932447 1
0.036785462375246825 0.6691039846527158 0
1.2217863240823235 -0.6686109520552908 0
-2.475697992677002 0.7937944379721582 0
-0.8000956156764661 0.7613099052614801 0
2.51550882261618 -0.24263770377534943 1
0.3774319846179435 1.68500010814531 0
-0.01896201618230675 -1.301145903898753 1
-0.16759027524289083 0.02356508479873537 1
1.5303901201923316 -0.28566503331995646 1
0.4794099440920981 -0.12455622611898776 1
-0.4430895404247869 0.17470800254669538 1
1.6070387585174952 0.10204436573607856 1
0.8721444864893303 0.8694625049337495 0
1.2761837199147834 0.7315354765105826 0
2.66000925079701 -1.4093441117466081 1
0.48865010769923956 -1.1328120053428345 1
0.18182987121332156 0.9067582281096352 1
-1.4701569674648414 0.7415371826754613 0
0.8900252055122388 0.43111026622302 0
1.4583503733069934 -0.5740128141479854 1
-1.098239838062887 1.2141775349592328 0
-0.18869425500071413 -1.6114197420783578 1
0.371304146002884 0.7597588561902111 1
-0.6550433047674993 0.1010851123929366 0
1.373238354264034 -1.4722398690910907 1
-0.7979643332313953 1.8492977092049614 0
2.310592070295271 0.7854791850776403 1
-0.15038891340949057 0.4910217464236586 1
1.9982102531617971 0.42623127422238527 1
1.544845565059195 -0.6721587501731514 1
0.5249439819457243 0.19772445650220238 0
0.7935782029102024 0.2717258843369731 0
-0.09512828607233015 0.30910382731125147 1
3.2931159940418704 -0.3517875509693641 1
1.9895642029428922 0.8836303768697515 0
-1.465623851855519 -0.048149874635093015 0
1.9229525248348307 -0.9682274399468599 1
-0.6721253517345498 1.511024689274331 0
2.1251164626138634 0.3637331786805079 1
2.431181457426255 -0.2931680868763444 1
1.7487148513676132 1.4319657562747983 0
-0.5303341031416502 1.4024670518120013 1
0.8306391128714273 -0.7245010515026239 1
0.5259399294741993 1.6027155914765836 0
-1.5007006338908826 0.2862726667268693 0
-2.053896210629746 2.4334680145114986 0
1.6687192295640645 -0.2474201796062489 1
-0.0796700623598976 -0.08079919872491703 1
-0.31297111553693757 1.1201549691615984 0
1.135753885127209 -0.48191620913286637 1
-0.2592787483667068 -0.9290890648640526 1
-0.3542929389988385 1.5061983928281641 0
1.2624630294833123 -0.023110186795965826 1
0.7283604918835178 1.9199980315277037 0
0.8545959253328813 -0.08698509500932927 0
-1.692343778134448 1.0305444836622732 0
0.28336184313351087 1.0409769405060423 0
0.07054269213115708 1.1802039459889067 0
0.9328090991709399 1.4145943572168198 0
2.167648659707033 0.328904892357578 1
-0.004709547308533346 1.4103259751226824 0
2.3917854050878105 -0.5465076008207174 1
-0.5860661814837018 0.0015765784590657805 0
-0.04333657566954169 -0.37567443542998524 0
0.42383120489567006 -0.3910689239556147 0
0.5405629729036134 0.7455991958349156 1
0.5398200330594467 -0.38032117331824633 1
0.0460336257342277 -0.3113695917405055 0
-0.9748573526723592 0.9410448591488856 0
1.7856716932107095 0.8704759518743421 0
0.893444679286964 -1.61367258696617 1
-0.28371235382056564 0.2493017580080754 0
1.3694163797921952 -0.03449822297267541 1
-0.7054651889085082 -0.43892251579917385 0
0.8508567449369677 1.5316605408318948 0
-0.8266659566782499 0.1760531295224336 1
3.1725066307293615 -1.3669400505837808 1
-0.042520462788780626 0.8243032136942035 0
-1.7939856903524949 0.3236256412051073 0
-1.3949781155634544 -1.0169538762180979 0
0.7103454955763993 1.3798686705512155 0
2.851952692384292 0.2600314793609742 1
0.8025005857957647 0.1069858759156499 1
0.5637762099689518 -0.102525609598732 1
-2.0168231713535922 0.18519965556161908 0
-0.45045541992037524 0.53858561235598 0
1.077626739878858 0.8690406391143525 0
2.8895341076869396 0.7715374162153926 1
2.3032874249076545 0.853463221747572 1
-1.7260158934356546 0.6878147834710805 0
-1.459908407078085 1.7496277565145444 0
0.8970493080294033 0.18232226692868492 0
2.804439015320166 -0.9097856122996429 1
0.978908464399921 1.6869724252808906 1
1.0987002263031749 -0.2540120544058021 1
1.9679446940973728 1.1733357769646504 1
0.39818606327740336 1.5221767237329613 0
0.7866439294733666 0.5369183584747944 1
-1.5687836196289653 1.707605197666638 0
-0.044211572120917975 0.09157571379001217 0
-0.49145782296039686 -0.17371517841305895 1
-0.015135949059579091 -0.27345458388777566 1
1.7137394350471586 1.7982908465237282 0
2.686816212866836 -0.9323275959628953 1
-0.2682402878588116 -0.04878038664330202 1
-0.42898770465254193 0.9644691790902501 0
1.5004804134881868 -0.27805106727488127 1
-0.08831261945028701 1.4773208906281616 1
1.7452103450187595 0.7203813141738574 1
1.8053773371848292 -0.1216566984084491 1
0.699070315095676 -0.6641153647433131 1
0.40898202999076383 -1.7599116296469917 1
0.2899486911180005 0.3621100684161495 0
1.807091383192807 0.20686467005714115 1
0.41969086078008344 0.665429601806706 0
-0.2711382407117465 -0.3503797203304878 0
0.014907611845607627 -0.7625254485916324 1
0.9266350047536949 -0.6809416980527743 1
-0.3268021108989009 0.07395020272027514 1
1.6412938099154513 -0.2060675267238654 1
-0.854076321587062 0.638953048678066 0
-0.17848977510736852 1.4134193076061856 1
-0.7846428656639624 -0.5948289145432823 0
-0.7149059467565005 -0.6089217537145284 0
-0.7136083281983429 1.6635102504966626 0
-0.8822835806988919 1.2597980101672928 0
0.48577531657195977 0.07141226796282635 1
1.2572451273042202 0.3510011884772053 1
-0.7608118205793947 -0.05285167636117605 0
0.2643243485621977 -0.14947312802839696 1
1.3101522100006038 0.6042186617074994 0
0.45889676226197557 0.8739568209910464 0
0.5664375502859236 -0.07149735567708326 1
-0.549884671826524 -0.013919960300843637 0
0.9222238442613577 0.10356438603036222 1
-0.15593013025605407 0.739658061350561 0
-0.6744046504766461 1.3023480027327061 0
1.730703262564429 -0.5512420894369369 1
0.82547038078346 -0.823404176192659 1
-0.7261853784867734 0.122726706876644 1
1.741795655366081 0.010208900414110988 1
0.3359903170126909 0.7098774106615028 0
1.0707297666217543 -0.5474479634566269 1
0.11653285723641493 -1.6150922850482754 1
1.3770722483121678 0.11255604970512767 0
-1.2635674186040327 -1.4574334607341701 0
0.5309297304299101 0.9216960369597637 0
0.20399258110433838 2.341720417663542 0
1.7141178902637786 0.7874967357255277 1
-0.7147993570906244 0.6076724536029308 0
1.4358309785436252 -0.3948756844225272 1
2.7325866003023025 -0.7162743267152692 1
-0.7756147963499993 -0.14129984557213282 0
0.4406294232455412 2.018507160275458 0
0.4718721315997578 0.0868293975273452 0
0.28613575490737553 1.93575441485636 0
1.0147542820542692 -0.6080070342501381 1
1.3994430520230372 0.964946722029412 1
-0.917184401399367 0.2918473266294073 1
2.0378867533678515 1.0086963058011515 1
0.662023742106649 1.1018911862183205 0
-0.028182158919062873 0.6808267797253601 1
-0.5150686134082572 0.022507850405873997 0
0.5650778457449458 1.0729184238079301 0
1.4072768754913667 1.9489253563729303 0
1.0392042930863785 -0.7012940863596955 1
0.26939896377850914 -0.4654680511225354 1
1.565083848413515 -0.5274498074263323 1
