2.5203993246809877 0.4934034890265851 1
-0.22009875654170263 1.624019866880698 0
1.4902936800254576 -0.9586501758939403 1
1.5584167173396613 0.9797637360395414 1
1.2287271850516537 1.9782954585780914 0
1.3624004651348693 0.8763420449530399 0
0.7637477363012477 1.5306700111501323 0
1.7805784875875175 0.33893235973657354 1
-0.4792616796582275 0.12621298170058426 1
-1.6547120824540154 1.2322438755687946 0
1.285743305174231 -0.09380534938524804 1
1.6376081545248096 -0.2813261160767506 1
-0.5059304843855736 -0.6797032494771602 1
0.9365950351453598 -0.22730241481012092 1
1.8879601647951998 2.7622036261834477 0
1.3109569705301447 2.4286210961555375 0
2.7615796531718697 0.9412172858467951 1
0.961200940174566 0.33496579385491576 0
-0.06749841824820152 1.665133536333185 0
2.518654642273452 -0.2245989726457951 1
1.1681347507091617 -0.1182825373473446 1
-0.5976482335539475 -0.010004181083778818 1
-0.5945522391727576 1.0117399886999865 0
-0.8503405352515164 -0.89366988176838 1
-0.31870807447564564 1.0431621403674451 0
1.4405869156142828 -0.8884456259131379 1
1.1116338749597359 -0.08886864430174202 0
3.0069507098622457 -1.1859703024774984 1
2.278717487681598 -0.44402939668325236 1
0.7895126569891333 0.6450202677245049 0
1.4416997889280574 0.6277532478841807 1
-0.5352903725616874 1.6109266396206245 0
-1.3350519920825161 1.1831841735714859 0
1.097431400594853 0.3613326898118725 0
0.7813558573545404 1.5984292014125652 0
2.4103324859653483 -0.7450784824656962 1
0.06915932906396383 1.5874556982708974 0
1.1402985315596026 -0.10633817889032804 0
1.844329666481764 0.23924637980878027 1
0.20117378819615916 0.8525323451947291 1
2.1118156405342527 -0.49934386576691026 1
0.34804921687393353 -0.1530430394152008 0
-0.4714899225710278 0.6860482542575178 0
0.6732129386322149 -0.11083773460775306 1
1.003462486799435 1.109729563673425 1
-0.5293897819683574 0.720510931988238 1
-0.02011934163027629 -0.5920048253321953 1
-1.2172843417697703 2.4035391911027695 0
1.5733114649931383 -0.20495971686961542 0
1.2854312579889837 -0.8722301308668108 0
0.35989198954478335 0.7504924385798177 0
-0.46857528955290073 1.7552613870720775 0
-0.11311206610352365 1.1396871979652587 0
-0.020836139906952877 -0.18452074212919678 0
0.15260593781324422 -0.6213893528030929 1
1.4806006569892882 -0.07395778127979202 0
0.19111009148089209 1.9405167969527222 0
-0.3881366078213392 -1.1691706650653813 1
0.14690803317543613 0.14674547929806148 0
1.2418948447097575 1.186250270338967 1
1.7897146574610352 -0.15356936630361595 1
1.0482281423966144 0.43769946831842277 1
1.6483969233694749 -0.1828275537850032 1
-0.29546766193772944 0.9831319560882347 0
1.7031693424613334 -0.48282779082407895 1
-1.1416232688684103 0.5874131109230936 0
1.37167114364131 -1.6713657797624855 1
0.7736838545695911 1.6145331989471654 0
0.215748175101441 1.032746131604263 1
-0.12996402036975557 1.3550639337697103 1
0.36795253260160754 2.8440723799463874 0
-1.131218387139614 1.003721777262449 0
-1.2073091226363397 0.35587867172323356 1
0.5321686659483557 1.1905716020980206 1
-0.3371126886999721 0.13656204323593107 0
-0.7938738598859596 -1.0675810951189677 0
1.201025768690219 0.8991763342604571 0
1.1905227247906682 -0.16027018761680045 1
0.302760642192555 -1.305891292204608 1
1.0329577164568169 0.23401284574603862 1
-1.289240898098559 2.260586767353227 0
0.1636771284971687 -0.07115742596103042 1
-0.5573876849036355 -0.14834509543576013 1
1.8588933308106335 0.9143741836706938 0
0.967819878632033 -0.9995487578730187 1
0.38904642367807485 -1.43534822626027 0
1.0414306946988396 1.3489348625000652 0
1.6027399251095837 -0.452350347990498 1
1.4878790775560944 -0.14894059875676313 1
0.9134568037088366 0.8404618414241005 0
-0.9076515514078871 -0.21455995811870465 0
1.6985782009103718 -1.227200121451399 1
0.2746773070751427 -0.28379399862127774 1
2.240361945745798 0.6373118782312966 1
2.8209681254595074 -0.19915336299162062 1
0.09356525144003403 1.1123191155499752 1
-1.9265091300091237 1.1855170428899529 0
-0.16759023968223496 0.8868549029182174 0
-1.9024596954784856 0.06034866444936643 0
0.4378763827388523 -0.13479677766433296 1
1.6473937476283558 -0.947300454696307 0
1.7956652391097672 0.2749576614472211 1
0.06481400559071086 0.06435050655233165 1
1.2747304231825076 -0.6433600383374954 1
2.9321764298657413 0.4150402575218888 1
1.564338444201836 1.1468077726272141 0
0.026661567976218548 1.3511417671358048 0
2.2364730867799087 -0.4390958666144329 1
-0.4055597766498852 0.7904487439970049 0
2.5479505237588462 0.5851654823569106 0
1.062845681910815 0.4958551239453791 0
-0.7360476074886169 -1.0022182317790753 0
-1.1966890990822932 0.17843965290541425 1
0.8984092484193602 1.5659278753153936 0
2.2873013784974487 -0.08499392640277612 1
0.3177822899666197 -2.32716987032908 0
1.134286938046705 0.41333945476234085 0
2.117786003038293 1.5280340335860576 1
0.338350604191283 1.3598241513644842 0
2.753329634589194 -0.776449432621249 1
1.4817309231867535 0.18634106465222533 0
2.595744688222675 -1.2126167446399885 1
1.4078135835632912 -1.7592602311186067 1
0.21786249349598813 -0.05632224438259614 1
1.7035165101860859 -1.223452395503391 1
-1.0976326095216182 0.21841558143753123 0
-2.033054009030795 -1.614634357629806 0
-0.48941479524380604 -0.20307725049798653 0
-0.3060063603958031 -1.2761894936795715 1
-1.0538206792368858 0.15571565698464906 1
-0.09403952292165862 -0.2830674328567058 1
0.49335437816077293 0.2095128856275072 1
2.0805089869496323 -1.0448707205547692 1
0.9148787207456971 -0.7929953435752575 1
0.08692340738654813 2.4369514300927104 0
0.8298644819482875 2.351812755408985 0
0.4430036620767652 -1.0670052918790773 1
1.4243910098830348 -0.5439122014476753 0
0.4441844542072101 2.139824459990984 0
-0.9152254400292908 0.07878237072054484 0
1.2151385770850203 1.1175967993562477 1
0.2447785223200402 -0.1273948450218659 1
2.0091166733897836 -1.1638607289395373 1
0.9273048307817666 -0.8662468406865235 1
-2.270196755654406 -0.49176438906184783 1
-1.3134122950841707 1.268152907202354 0
-1.6048498466528904 0.9390206854041564 0
-0.5878871060993619 0.18211212015661918 1
1.2195406228778283 0.544191773184307 1
0.86949899193954 -0.41233894163943474 0
-2.274821122926914 -0.7917823003774304 0
0.5000559263045562 1.217066908291097 0
1.4922819210255134 1.037290248663751 0
1.6570166799173043 -0.808590014952058 1
-0.6218784388210605 -0.5823050020569055 0
2.122414720752479 -0.4061064722550949 1
2.6565855268817993 0.7771479042810187 0
1.3495079544581237 -0.31837254370014534 0
0.5940845170197804 0.924569734184673 0
-0.7650552853330954 0.9553888446709066 0
-0.6437897296716286 -1.0874353199199074 0
-1.5119469658519444 -1.3558459912703595 0
-0.11435979440766406 1.778120423386441 1
2.189264051669304 0.9598089273659853 1
-0.06282570913880436 -0.34922130573247767 0
-1.5704446724418266 0.2441521715406305 0
-0.303866746989982 0.2681976546410434 1
1.0616810057159385 -0.49998447859445916 1
1.9663482673500752 0.625042703427217 1
3.161887264007844 0.9494642234449444 1
1.251460382138723 -0.6030469332122649 0
1.7087661445746671 0.9228161257565012 1
-0.10368423211876852 1.210074561242334 0
0.056620511612595625 -0.522529913957449 1
0.601838280880959 0.009881055265016814 0
0.5392411417749772 -1.3293217037484446 1
-0.3092013355388028 0.5988904596352975 0
-1.33539103857635 1.1778169576282025 0
-0.6496543091145706 -0.034064974438684226 1
1.6784745817797155 -0.586507588343032 1
0.526000886180421 -0.06374864803486802 0
-0.20549866502439573 0.7271310845500548 0
0.435988462790051 -0.7327876634480763 0
1.3176171486369819 0.24660318391559333 1
0.36619632796944723 -1.1299181873183526 1
-0.09504911409554154 1.3515237222719738 0
0.4879602196285395 -0.14808261056771554 1
0.44119559503956807 -0.9122950332165565 1
-0.4360972462261765 0.2940903435140585 0
-0.5702753211333479 -0.6842382146765938 1
1.46524039221145 2.3111564195932326 1
1.8317201885536791 0.2686244185668961 1
2.670005115807923 -0.5859556375705808 1
1.6030431092567512 0.6842127407558024 1
-1.233572414314747 0.8249445743028025 0
-0.6511953661086319 3.1768407024060457 0
0.5534598758168532 -1.4215842110285501 0
2.4322521756694497 -1.1135938431857586 1
0.5741681375069324 -1.2375063457491557 1
2.275033055832277 1.0966491539022936 0
3.352753608930045 1.361776402861783 1
1.0864662809150212 1.5562849547023996 0
1.17324163958619 -0.1808143886602429 1
1.2185641777739258 1.7988902531005966 0
-0.19536650180107312 -1.2512090181284907 1
2.9199197657205866 -0.3747403578307272 0
2.40824867902365 -0.0962409782198883 1
-0.6769095256308868 1.1355896514563089 0
1.5485956448018843 0.9068297941918351 1
-0.004141204832957851 0.03548419745219866 1
0.032349863258754 0.5025837173852137 0
-0.3750068925763568 0.3756201366455134 1
1.5965558115626124 2.5669780279736756 0
-1.0955753073799563 0.1925333349576123 0
-0.6676237807038811 0.45819626289324683 0
1.6477357050115629 2.270152304061889 0
-2.3268293002255236 0.13440878462034886 0
-1.9435268891428754 0.5335882410016045 0
1.9352391001264984 2.213429727234084 0
-1.4323326073283547 -0.12932499326674796 0
-0.19825366502476635 0.3760424972132156 0
-2.029511168444707 -0.2391656650369448 0
-0.031452776705084645 -1.0425410161525868 0
0.3191197683988188 1.0733406305347266 0
0.5784062855561298 1.3316833416399805 0
0.7477846896705178 -0.8818515503922318 1
-0.5828250286428349 0.21790545440217315 0
1.2674482330103474 -0.7835446012021926 1
-2.483582006277187 2.8901253508164935 0
2.244022518216688 -0.7580268843255106 0
-0.6688805029350638 -0.14171752100483603 1
-0.3892700580791907 1.9308607059485032 1
-0.9013284310254783 0.1877490888775008 0
1.230232687844367 -1.5817724315609256 1
1.6296452542063529 -0.598021132686555 1
-0.18938363790451673 -0.8167152695715421 0
0.5476163199489997 -2.072821088303428 1
0.6863106906780208 -0.3419473890585012 1
-0.5802504376012538 2.2539715369846363 0
1.7093650079085325 1.1107766502880914 0
-1.1683843445884263 -0.5374776786441504 1
-0.059698714162768396 -0.9910866451854147 0
2.455202652801883 0.03691216776424548 1
1.2330406371320348 1.2418146878210559 1
-1.072604059838878 -1.1808194501978728 1
0.04973017750893943 0.4776091479472482 0
1.7087471279486177 -0.4113710235761214 1
0.1622136595173364 0.16114153258004849 1
0.4836028464689554 -0.6170043395357252 0
1.768827381885438 -1.757171151023251 1
1.024826308470915 0.9790937128951357 0
-0.05128108457635072 -1.5871766321358396 1
-0.5447062020302887 2.2100907934607004 0
-0.4882286052928717 0.47101912512520816 1
2.607434483650314 1.2097444262229016 1
0.6995188366174014 -0.9354245504638504 1
3.0715145778996407 -1.1715456301229845 1
-0.38053745516309656 0.4692719682382837 0
0.38745688944923157 1.038450639370051 1
-0.8144871528781554 -1.1010140105104607 1
1.7909686124216115 0.4750764820014113 1
0.025045258114593794 0.7755743097369416 0
1.0342774308062355 2.2001194872488994 0
3.1497881214402264 -0.7785868030148577 1
1.1965180139825178 1.3876900968868338 1
1.9160790254337041 1.4150285979181674 1
2.394964484477547 -0.5630889398531657 1
-0.8290534294535492 -0.273520419425471 0
0.2478691535877899 -0.9690995386372112 1
2.30344581204832 0.8165971144549183 1
2.1354873898451734 1.425490422405911 0
1.4894930191904578 1.0932337855985004 1
0.7222726424643667 0.44631537423147216 0
1.6055655353436111 0.38656863781809037 1
4.142565222021746 0.7018122771858768 0
2.2130609499249054 -0.42023457443748324 1
3.025899069199961 -0.8614330339204739 1
-1.2627737489088975 -0.48776962448577976 0
0.9442691107490497 2.146711525042719 0
-1.3507517032296543 -0.0877366051452253 0
-0.9210164586047539 1.219516978970078 0
2.461707139316292 0.9387020512155644 1
2.4675681703858845 0.895772780662403 1
-0.656045454357371 1.0849930367025253 0
1.149441383056126 -0.5549191764051751 1
2.5544435712979996 0.020371304571900617 0
0.11646760585235438 1.9394309042691402 1
0.6211037222283382 -0.19360240259426198 1
1.4126687056182754 0.6960345743347478 0
1.94180647391309 0.13670264330222093 1
-0.38489805241229297 0.7245744951382794 0
1.3271105374628114 0.08264859197546208 1
-0.8531248310163656 1.2500649758463167 0
-0.03922438410850632 0.7737193920551226 1
-0.12092952731664525 -1.143809163069287 1
1.5001491532689821 -1.2816517647082297 1
3.3391954973329687 -0.47540049761281017 1
0.14061081478693527 1.5555292148174718 0
-0.05862244083300716 -0.7206851631193236 1
0.8589802235197628 -0.0045048575765104515 1
0.1584215760713369 -0.01723056615301044 0
0.9967957629521718 -0.9009192610706069 0
-0.14736191345888536 1.1059370522153655 0
-0.13643786354041987 -0.05259727482113685 0
0.4637445261189481 1.6901032706006982 0
0.10410421781959556 -0.4832394449393317 1
-0.15467975111575472 -0.6603099052497831 0
0.29254401355139276 1.635991813893086 0
-0.994215634002723 -1.7141953999143889 1
0.4992649039056031 0.5726998596763384 0
-0.7181783646162697 0.9554552349933233 0
1.8980987836885497 -0.4473488733474504 1
-0.9618241694171147 2.171730665326252 0
1.3155660532347775 0.3271921831772099 1
-0.9875633799745486 1.154487347408957 0
1.9066930674546219 0.35745172517075935 0
-1.5540032579923464 -0.2010110408533866 0
-0.061026342154262364 1.5292137251946123 0
-0.09041871849738325 -0.28923537226048396 1
1.0703111606735678 2.1718879581108883 1
0.08587488845287727 0.6712127527971288 0
0.33027655751408713 0.47428947268196137 1
0.34124656267481135 -0.7622795631583971 1
3.440551902134742 0.11728394119372848 1
1.3606432231260426 1.0025939546735736 1
-1.8165601517576502 1.5256909395990537 0
-0.9498500849979812 -1.5662730959286644 1
0.5909345319592232 -0.8698716439559226 1
-1.341807666629661 -0.6928967088300197 0
1.4919532631226433 0.14366363291406226 1
1.7749929753975224 0.8208929367357972 1
1.3272985428914614 1.9678224465112537 0
1.3677619201933706 0.2165879179534007 1
0.7245724585068096 0.5901132085053528 1
0.8185112170467357 0.6016287427695277 1
-0.7092394841908766 -0.3774707552952399 1
0.6891811575958797 -0.17138873990397874 0
-0.3518514220323342 -1.1156510509747872 0
-0.6700131930642785 0.11913310099282148 0
-0.8401697650504772 -0.342767566468804 0
0.19208467070924806 0.6730873639954073 0
-0.24275109158083064 0.45797711302708877 1
4.223161277108931 -0.3022305417112315 1
-1.2437137539065708 1.5090998993047282 0
-0.9707007280854747 0.22163314125201589 0
-2.034393003994532 2.697341189077686 0
1.6749314053311313 -0.06728189632744269 1
0.9524986945507194 -1.92378201226752 1
1.448744890231251 0.018350837643828277 1
-0.6296261685010779 0.9489565199055403 0
-0.9047570809510173 2.5322836814717724 0
2.390144797075267 0.9652429074482416 1
-1.2092963046482177 0.9165426265226437 0
0.1446552256539205 1.3543661235532622 0
0.1097949836658211 0.33358853218883994 1
-0.648051443154919 1.7400371842350415 0
-0.8609735002689307 0.6621229698660982 0
0.24659088761276937 -1.2049071148438588 1
0.8736520278656638 1.4139471127141634 0
2.162272315722758 -0.35847695617304876 1
-1.4730863981415454 0.6019069863016621 0
0.7084971270282439 -0.3900151576768286 1
2.1092548433820615 1.6270516658783511 1
-1.6126524926965062 -0.9185990910804752 0
-0.9464030637442025 -0.4432224630858357 1
-2.8766740090421985 1.145675927107435 0
1.1372104730995936 -0.20809911697072847 1
3.0604941114867654 -1.6788534344577708 1
2.7588670473698107 -1.1389651288216411 1
0.4487267331011476 2.334922580599992 0
2.812480050393548 -0.8068523948474329 1
0.5678468070552303 0.5564796645972031 0
1.254157782466105 -0.22712483774010725 1
1.1098543416404838 -1.9729171694908318 1
0.22235791079435652 -0.22289286553839582 0
-0.41070047680461896 -0.023148898980955387 1
0.336282686318658 0.4612118504776668 1
1.9607037793487005 -0.024335434789866717 1
1.4454493458014008 -0.5900160954617646 1
2.4244062474596415 1.2030366939302422 1
1.9041586482642499 -0.1648235207434947 0
1.7335053975922334 -2.840935745695438 1
0.6856824129600618 -0.6944483083668309 0
-1.1727052879061075 0.5182579444026705 0
1.183071040941082 -1.4369047092138643 1
0.8216280584652957 -0.5739965291650053 0
2.65169537362099 1.1916039906643052 0
-0.16227510189906352 1.8154293795694079 0
-0.8932834285790108 -0.019022410113471167 0
-1.6453928301978862 0.3375437177082406 0
0.14641481306386872 0.9037070463594791 0
1.8933913859871672 0.4495846364735373 0
0.41019610966313635 -0.6609371776226488 1
-1.7887626858642591 0.00753802525038273 0
3.1409894625890526 0.3463503241462688 1
1.4086975388439797 0.7021805629694688 0
0.5740036229382567 -1.0237783464750572 1
0.9470757948052924 0.18045663533265777 1
0.25160952164469946 1.9130528390956383 0
-2.9391238541754507 0.8718063169050815 0
0.5561884930261278 0.9716291087737561 1
0.3614237159186382 -1.3142394878331793 1
-0.1994092268457629 1.2391249400640043 0
0.3642124526137004 -0.03990354824693346 1
1.5639127006064646 0.3117849154778712 1
-0.46520572092972556 0.45786945864748474 0
-0.44844488479197636 2.0378054881754397 0
-1.5788991107532548 0.9620566766872187 0
-1.0050836968611807 0.5263156122595232 0
-0.955158217935255 0.12364895615531607 1
1.0210696180036263 -1.1589873341113437 1
1.0603104370465548 1.2130786526311113 1
0.3330409803425579 -1.3616752422097764 1
0.27605949885561354 1.9718426187393798 0
-1.9678258336004069 0.362648629698475 0
1.2009960363649463 0.119023106679148 0
0.04932952345243291 -1.4066863366661395 1
1.834376112113876 1.7484904813538593 1
0.8606346637537083 -0.6402650849378728 1
-0.19497831021031647 -0.21159381109137787 1
1.8624016604480504 -1.5406900239204175 1
3.3026308414138543 1.161268055674336 1
0.16648653528304322 0.17286885091758075 1
-0.0925142379869553 -1.6305788606157807 1
0.587861248712545 -0.8126867566744786 1
2.4552565613174595 0.6334142296456816 1
1.1367916776723936 -0.18390105474918367 1
-0.6694297942645004 0.6648138594759899 0
1.620430972190702 -0.048324748461076775 1
-0.9399322660242747 -0.42230429900485267 0
2.0306838962435165 0.7450829968668925 1
2.1343748858542355 -0.036666499451824486 1
0.40693168619443454 0.12225736371811716 1
0.7346231959031705 0.3457643595765493 0
0.5957054065014118 -0.07313559830273847 1
3.6744758375352653 -0.5135627365478809 1
-0.1611728912373772 -0.1756491194105506 0
-0.36133943656970435 -0.4292147664351071 1
0.14595706150441234 0.657305783689091 0
1.1444074456430144 0.9716812361376187 0
0.6374239820457969 0.3597097996049995 0
0.039736441094457065 0.7099456810515715 0
-0.3902548799672667 1.191077885926137 0
0.6728285589324787 0.9261463367974856 1
-0.36906873370154747 0.9706747403332054 0
0.48177714504171437 -0.7013860652229864 1
0.5743076486538562 -1.3691046485626144 0
-0.3211392018486638 -0.07942196586400962 1
1.4148308061025738 -1.5539811458418773 1
2.9272000822663387 -0.24938583098054556 1
-1.6858691916086246 0.25220611677442833 0
0.2908161867834005 0.1946749679467893 0
-1.0536342631698077 1.345668656382371 0
-0.6746717707097029 1.5120697197286066 0
-0.8963206372214758 -0.11306280878442512 1
0.17774621213523067 1.1623188586810829 1
-1.4466316721377672 1.756572159959337 0
0.07140470098016291 3.4172455228589476 0
0.5052110477480938 -1.1524364025601388 0
1.8663125794487079 -0.5332622341651867 1
-1.0601073405485275 1.5220250434239724 0
-1.0786276990882944 1.3907839116897258 0
1.040436870023924 -0.11502608916493529 1
0.7500119774333609 1.7846167655391676 0
-2.5160753884084848 0.9215656565503763 0
0.2226532694551009 1.851296765219789 0
0.7757509162306924 -1.913622765405501 1
1.1555303802110903 2.6780018604994096 0
0.40995206676574736 0.47230153131260055 1
-0.3204061251951524 -0.4724579619270426 0
0.3731578797035557 -1.3171963224537615 1
0.24828234629288476 1.041711668222033 0
1.314990751054998 0.11225975193686544 1
0.5993832085822725 0.7160755852375001 1
1.3199331975793682 0.17642517194940788 0
1.5949482665380044 -0.212402371540453 1
-0.9841073877084148 0.5030894646062241 0
-0.06456055315388659 0.7742754024056997 0
-1.3329026750706325 1.958655428666938 0
1.638661050058591 0.23637600217898447 1
0.7160227123979779 2.1512305411873385 1
0.4677343927252655 2.659173662587421 0
0.42557799944932195 -1.240816822848978 1
3.129310891046731 0.22673803498561818 1
0.6254676931833196 -1.7414552998670123 1
-2.0462143189463924 0.613849149094788 0
-0.4385571656045217 0.6503505928106297 1
-0.3500113683030669 0.925862710453513 1
2.0115610009623266 0.14940280771979997 0
2.121377508687913 1.2280377583293258 0
-0.02832998592577647 -0.28376248518883995 0
0.24262128926488538 -1.9607531774515627 1
0.7078788738909396 -1.4033965101628443 0
0.45507521444396787 -0.12137074102642476 1
3.092724965368805 -0.6227530337989052 1
-1.2085868704625584 0.5341811971152892 0
0.8004830366309355 0.11889028208922409 0
0.19868426157653515 0.569009468658415 1
0.4491116754761614 0.9420562200199416 0
0.9131510893391652 -0.56015365482147 1
3.112695799910827 -1.4635583741463214 1
-1.0107483798750598 -0.22797614740809274 1
0.2642325723850355 -0.7235624267971208 0
1.5007903803048506 -0.4204990501113465 1
0.8835352993048556 -0.29974305340439344 0
1.560050852413518 -0.6938850777444397 0
0.5875216149070842 -1.3140093017527537 0
-0.1355701554883385 1.0130377650375535 0
1.6846293466694773 -0.12778314787105993 0
0.305223033358067 0.06919853019938582 0
1.332374960427381 0.9444085371197353 1
0.09726684541871178 -0.25440011737754664 0
-0.1858170156125939 -0.8491753629279505 1
1.9724349768889884 -1.0574818991115424 1
-0.30436763512391785 0.7145344526402809 1
0.9953493425940364 -1.964366906988428 1
-0.3991708859263047 -1.9598240288882158 1
-1.6066039445287434 -0.25074745609554316 0
2.766071265477758 0.10933289230862903 1
-0.2836046206032963 0.019159465539828502 1
-0.35001339996372827 0.9511087682344418 1
0.6949700782828802 0.007775016740028784 1
-0.7491935437092117 0.6178228443022358 0
1.6911421401181175 -0.515963899356545 1
-0.7301888750408541 0.4583852262329181 0
0.08087005344236131 1.302518044965308 0
2.6358463500160156 -0.319995141469632 1
1.7954272017193666 -2.328642827209211 1
-0.3481975570144197 -0.08452589512474179 1
-0.9893322073827442 0.6793786544851554 0
0.9004739513295434 0.6977449827563831 0
0.9272676025405202 0.012857067051905646 0
0.8086923844195308 -0.3120934449130497 1
2.6898597065191874 -0.5240569593861837 0
2.3945159398958396 0.9820433187732187 1
-0.5708897352940564 0.4934633634341423 0
0.5273259790147149 0.4341193476827272 1
2.883349168777465 0.10172556368187863 1
0.527149571994721 -2.2506432207397373 1
-0.8725893574491689 0.664992952200739 1
0.46477758853367346 -0.3340971600269275 1
1.6736288387125555 -0.7180787946145116 1
1.9811656248345986 -0.7581337762761167 1
0.3999512043166319 -0.63925136352184 1
-1.891160542936497 -0.5969881054948889 0
0.6299164908301077 0.2557334961668335 1
-1.0577494134782124 1.8898777183538082 0
3.0327071296919152 0.1036777716181626 1
0.41094914551859385 1.0965761340756874 0
-2.0304934487560606 1.9100965621621775 0
1.0355152528625067 -1.4423813370186978 1
0.5643723346840677 1.2918972584998751 0
0.1459216829123754 1.2290965969923286 1
0.42925921308515663 0.22262871971224665 1
0.8480719024641804 -0.48439098980999884 1
2.124962136435735 -1.2273281959636257 1
-0.784376518229178 -0.13532455238920704 1
1.7346298639800175 -0.5354072654970023 1
-0.2257991373266024 -0.1126651539960315 0
0.07360973579269436 1.6031646199226313 1
0.06286067950458127 1.2330501003031544 0
-0.6432350260140931 1.226085468220374 0
2.062784670999058 -1.3089821179026655 0
-0.21540253592789882 -0.6183826278167837 1
0.25250123655580825 -2.252674442793537 1
0.7147244779871024 -1.4759400484548713 1
0.4628299146170738 0.1546824215959289 1
-0.7619339937911442 1.217111846870741 0
0.38746080373896696 1.4019315963428256 0
-0.27559483637573756 0.5810011950694387 0
0.7187066187200852 -0.400427612326149 1
1.771672821814715 -1.593078954622357 1
1.3156608697341796 1.7308287987660904 0
-1.5392726877420466 1.5776566013761766 0
0.12358518651573502 0.6210282555649378 1
1.4230917546803066 1.639437091639616 1
-0.7797927900725085 1.5918742676290083 0
1.352497085230266 -1.1359507306188141 1
0.4592578617516565 0.8696184201693221 0
-1.3398288070342925 -1.8972012366347395 0
1.0427931020763772 -0.29694260449329957 0
-0.5258735163735058 1.9625046616669424 0
0.3599102162256439 2.746795756378599 0
1.9332355689899376 0.10639062710761488 1
-0.004036235761793794 1.892827973105775 0
-0.0021631203740621885 -0.2195364828663997 0
1.5686125854994124 0.23935693788322715 1
0.3685693473213435 -0.046254263211366275 0
2.153383290032127 0.5326739265622253 0
-1.9388733221430976 0.8289240329288727 0
-0.11587075841712591 -0.14132544651532608 1
-0.887454010960586 0.42149495656636043 0
0.043319089917611464 0.4431726599406249 0
0.4380338345108068 1.467990517186871 0
0.34664345953758524 2.0807056896152756 0
-0.47101335070554873 0.4937342637438433 0
-1.7871584491486996 0.4504846046149593 0
-0.39000473392950696 -0.05781081717962416 0
-1.0891776436976488 0.9694526128090469 0
1.024395320249029 -0.8488263835083535 0
