0.3374774741453513 1.0128673979510212 0
-0.14232164076048687 0.8473330834906562 0
-0.5145792650086648 1.0274534379759626 0
1.46244060953798 -0.3032615118744055 1
0.7644193744477673 0.9053248282129325 0
2.0427153084048166 0.5181241646455637 1
-0.10184202229174832 0.42147212822884267 1
1.9234394774472214 -0.009558936892622397 1
1.6841535007714552 -0.31918899279317803 1
1.9258241085992713 -0.19717548104109284 1
1.8802940724698287 0.1726599290617787 1
0.7099230599464278 0.6040557146866494 0
0.10563434460075395 0.33004925317968126 1
0.31105471923880335 0.041104817619891196 1
-0.7467759398078693 0.7495546671223278 0
0.3380359525784693 -0.288911345150573 1
-0.37537775651975713 1.0790797327664208 0
-0.6632501866265252 0.7812522960643935 0
1.376752881245025 -0.46722282939172927 1
0.9197389802663151 0.5146393616941685 0
1.8964353573096069 0.10462291423794534 1
-0.8902602518445074 0.26346385316236837 0
1.5242280416301344 -0.27719071355242386 1
1.0561275435490856 -0.5741822444071303 1
0.25882318695471207 -0.05929418476971031 1
-0.2274110850223445 0.982708163119019 0
0.1804806219246689 0.2513848392746449 1
-0.057854380040404885 0.2587533803997196 1
1.5486086744011744 -0.13589824502468775 1
0.9241980322185133 -0.25857443003656444 0
1.4256884238062866 -0.5416214328105062 1
1.2031606231603094 -0.48779066319197684 1
0.6170814942202119 -0.5025757055826782 1
-0.8675926412350429 0.5177122601509853 0
-1.024691107595273 0.03519196215047633 0
1.5234400391030547 -0.4251337208219775 1
1.8949248258686315 0.317065830977209 1
0.09117731380783656 0.8863965802622312 0
0.49867295749133017 -0.3020559717142225 1
1.7872680514083474 0.5816907268185398 1
-0.8117266180002558 -0.0011475418752339983 0
0.12722485043904336 0.05050373342502151 1
0.9401008871071798 0.2066845654969832 0
1.0283170491392037 0.2438295250256391 0
1.338186400523016 0.21730836018013555 0
0.3188149276412652 0.984407846925226 0
0.8250145292290334 0.7342420068812228 0
0.4147111348801558 1.012901602363053 0
-0.8359307138807768 0.5090154291878993 0
0.9180102319580904 0.07975619490557823 0
0.2122839031860486 0.2442988404545502 1
0.05587566892108359 -0.21539994546444596 1
0.5600962701002867 -0.4748284140861736 1
2.1490364635616857 0.13353800576618585 1
1.7662978858718599 -0.194457995514899 1
1.8305686439499085 0.1397378269086484 1
0.31803197969849534 0.8537652269534632 0
1.3048906574334218 -0.3258895550878429 1
0.13049680685893447 0.8666442833776342 0
-0.2259844319610882 1.0586654267589186 0
-0.9524954165849744 0.36107178821181823 0
0.7849101897658182 -0.6546782893025707 1
-0.6900396313710923 0.21975221568375042 0
-0.05076708258398531 1.031642357702972 0
0.4034163086606411 -0.023895992286943724 1
2.1605689192281083 0.4355006916578303 1
-0.48255829903807756 0.7789192231195607 0
1.5117881274782614 -0.2566447279596662 1
0.5496530819241991 0.7806810132584885 0
-1.0678205358350066 0.09724880268518597 0
1.2979405708338974 -0.3161983617571739 1
-0.8332834810654796 0.6514721179209806 0
1.9060973447967764 0.34281767095969945 1
-0.5593112235188288 0.8327214076774484 0
0.8899118177074908 -0.5200415133481459 1
-1.087443607313326 0.2644870350977041 0
0.751335282027717 0.6884682274336841 0
1.1666586584179062 -0.3600719575963735 1
0.1349422361901178 0.17147128068778625 1
0.9532044289275354 0.06129142683100591 0
0.8821617262637651 -0.4037549649864288 1
0.8924304591876777 0.27874616479328684 0
-0.2465320326950748 0.991717030931146 0
-0.5251066093293033 0.7877444962541538 0
-0.6910958579474102 0.5287448268844049 0
1.9864501312333482 0.47250737091311384 1
0.6827808325872113 0.8599238393609465 0
0.183748855101448 0.968807965047038 0
0.45440095324023827 0.8335736424336903 0
0.7568880222562033 -0.2867300175858647 1
0.8008991267080066 0.1911466509844182 0
0.732069739371649 -0.4872655989713563 1
0.8596578855776695 0.5360221428857218 0
0.430312828175565 -0.19674889260075645 1
1.7114449570565382 -0.004035674257475828 1
-0.10419543456288662 1.0072278854846513 0
0.09729722026308865 0.7799849648401368 0
1.0492404398091397 0.5528742043926606 0
0.2992448430633964 -0.37818386076994237 1
-0.7381545384164574 0.8143840409474341 0
1.5118929674835913 -0.3356467424489386 1
0.8596793223655439 -0.3998996020400148 1
-0.9651296993071323 0.30695523047583073 0
1.9061777446968093 0.05354357462406292 1
0.9315219492621961 0.8257587156377402 0
-0.004993144102114085 0.5550478738181814 1
1.232373873445562 -0.4636587320438266 1
0.21180454399552218 0.018402554977404256 1
0.7614579561048284 0.6675029579067825 0
1.678503312756537 -0.12466214745806807 1
0.9254569073279979 -0.3355570433627698 1
0.8488353192383277 0.6001154353112821 0
1.7966642950452587 0.5344299409334278 1
0.05058152901615618 0.4253625974235209 1
1.104879864768255 -0.4292200029944595 1
0.4784760479910609 -0.39877761906594383 1
0.7233726890996892 -0.6063093187007291 1
-0.5313681944671834 0.910800537361198 0
0.28706901615955477 0.994909342094529 0
0.02300447953716485 0.37426350745305753 1
0.07536345055115233 0.3168577833181922 1
0.46233377419780614 0.8112723194493164 0
1.6506320917065513 -0.3582847859117747 1
0.897076262321951 0.27797047688210325 0
1.1664581737308866 -0.6359844155948605 1
1.6447356006337441 -0.35161137314388646 1
-0.9099688055109962 0.29942567009271315 0
0.5026899805641547 -0.40766686414020065 1
1.8554078042647406 0.024844685715853784 1
1.94238840547093 0.2426812906387719 1
0.940256660825024 -0.4210888148541747 1
-0.43436182142022284 0.8379760647337697 0
0.011637599815675779 0.3795589763414461 1
0.23917685335201455 -0.13955551754345719 1
0.22199428647065925 0.9467604914198885 0
1.5723635765678803 -0.2106027982862197 1
1.20745769278184 -0.45920435099380597 1
1.3579725233610207 -0.4277114007480878 1
1.4291900279334415 -0.6352519454802944 1
0.3700237637775743 0.961373437312779 0
-0.8608890399200965 0.45124456895620446 0
0.0342802118515716 0.833642424106662 0
-0.19721857425006878 1.021966367988169 0
-1.0500350209275695 0.15363747302972225 0
-0.1575751329865798 0.8823831716390558 0
1.3487244887298826 -0.2002313110569579 1
0.28955443611616 -0.0602568785384443 1
1.2283462939341196 -0.4544280680993496 1
1.8924025238772901 -0.1453379151599122 1
1.7366155289361231 -0.2886303471010206 1
0.7149430434262765 0.5602121358336885 0
0.37868472340283355 -0.3480337772554386 1
0.944465730608915 -0.5019878585322768 1
0.37034595205118387 0.7567551473214278 0
-0.18646741719109716 0.8831748778303525 0
0.5080341245068443 0.7581099904567871 0
-0.7453856018114701 0.9181611387878911 0
1.4844046509059894 -0.1916825928336318 1
0.17496169237470857 0.8909234034483433 0
0.6891875137280308 -0.5014130508367947 1
-0.6917720503179201 0.8478389658053181 0
-1.0094944470913205 0.061068224363051274 0
1.9177065420644632 -0.2418556577229301 1
1.595518382057983 -0.2581504798352464 1
0.6513503654167397 0.6868676114394453 0
0.09308939492929597 0.9730689677543146 0
1.053401490027769 0.2556874088952983 0
-1.1318546225367512 0.22865503846125523 0
-0.07104074586056304 0.8677829176131282 0
-1.1046777785039192 0.07607532246910137 0
-0.7872524641746448 0.6827019501250042 0
-0.002792271306883462 1.1648641878334534 0
0.264383983651801 0.9375999771472265 0
1.7749829683632798 -0.1630257890854524 1
1.6160458312402448 -0.3346004696949747 1
0.08539137366814688 1.0540097828097301 0
2.1515486271972346 0.33475185368298777 1
0.5005511234961353 0.7042983171481427 0
-0.02143218509449722 0.9026377005624973 0
1.011539296121286 0.1973531688864091 0
-0.3087221001585103 0.8648698385102004 0
-0.35700477618661397 0.8507333128276262 0
0.7880847033554471 0.6252487447913367 0
0.04390043121897988 0.23769400283209266 1
-0.5179555466364283 0.8932006340666905 0
0.2919656200416359 -0.07643702549649456 1
1.7675657204057502 0.2941980775615465 1
1.5876582064335003 -0.20883469696365228 1
1.0171501776346314 0.4346520735291049 0
-0.9368700035918011 0.09913673614546933 0
-0.14627621440328542 1.057012069288831 0
0.7274392167118092 -0.4011543157125994 1
0.5993964414574068 0.6227746464918428 0
0.6987638770473604 0.7487559442198286 0
1.346218805329494 -0.4167641014143109 1
-0.7132328703784683 0.24596187356677193 0
0.16128542490632336 0.9347782181735517 0
0.12326134880812348 -0.0014327001516779292 1
1.2365841371683182 -0.5259679463738945 1
0.45781346379293275 0.8869720234562193 0
0.5681274746937577 -0.390317916997141 1
-0.8840847037542052 0.49020198922716296 0
-0.3874758953911475 0.7031029505530009 0
1.8433079700862067 0.46409629197137336 1
0.9128761117582063 0.4125147199533407 0
-0.3731394156080711 1.103798915614878 0
-0.3682315332861449 1.0021860715220583 0
1.624931707566867 -0.1443018568927319 1
-0.9679163655229724 0.4399179562136357 0
-1.0853313223398893 0.11156335736403922 0
1.6622876114615524 -0.006181038815675562 1
2.2015900749281556 0.13033355312890854 1
-0.03484242405986748 0.0988406195909192 1
0.20001276295648573 -0.3690829784765501 1
-0.9789821948445507 0.16955691273479995 0
1.6524134865745086 -0.3238899331691877 1
0.5150832575367087 -0.4288356225446398 1
0.21085441596551546 1.0855569346222185 0
0.2179591231760735 -0.41548430592699015 1
-0.7648388236874234 1.0634960055965141 0
0.6945165363623005 0.6940067901427015 0
1.1745518076559345 -0.4508142167114732 1
0.18908411034118205 -0.1361273510353357 1
1.5721057390640405 -0.5177656057751117 1
-0.5078719552912278 0.9401394476378244 0
0.05175119406576374 -0.04506339595993891 1
0.8476892032976889 0.3426352374201028 0
1.9051471099016066 0.45276388417447544 1
0.043048340394263 -0.07264959911196128 1
-0.3005043998454352 1.032948106048 0
0.9038831008750069 0.5181166748284948 0
1.8578335040422431 -0.26213370409262865 1
1.4011688904906292 -0.34457166581516413 1
1.0598915055449294 -0.5029516165193887 1
2.002059165351178 0.17491391367531794 1
0.31273896067944895 0.9582797086042855 0
1.859985775425351 0.007283689794974096 1
0.13057659537907856 -0.08283813422065216 1
1.3562054315812881 -0.6226215461293799 1
0.6697195308900434 0.40652933186317486 0
0.30455525913482195 0.9912593687396283 0
0.2685324254207063 -0.1924671741277562 1
1.5121718838942082 -0.3009505435926388 1
-0.2609612527200914 0.8894620778138225 0
0.689901233154405 0.5354621016517018 0
0.9867765702388742 0.1448772901790063 0
1.0208873081155114 0.5093958906074973 0
0.11984937997473702 1.015479944957345 0
-0.8054423750441744 0.8441547015610104 0
2.0521458040806553 0.12032544260041851 1
0.12694280318301396 0.09966250724923209 1
-0.9577618268271519 0.6371809999794519 0
-0.6850107943628715 0.8194925093125536 0
1.9786725746273914 0.15320789826637485 1
0.9684291226203421 0.567514506192748 0
-0.9379511921992643 0.5596034201397181 0
0.06806274743835006 -0.08385076236243416 1
2.041750063495242 0.16689346667995572 1
1.8416362433414795 0.24733583426832334 1
0.8912219657815901 -0.4281349237881334 1
-0.70883857081971 0.7871054675874146 0
0.41286594095845347 -0.12286029962161893 1
-0.18365413224767888 1.1001311041800201 0
1.017533484254525 0.29711577118321075 0
-0.5350632960825559 0.8066695735296739 0
-0.6981421661805098 0.8220051483897137 0
0.9329198242379446 -0.5445198162068767 1
0.9092945248415782 0.14007043230777122 0
0.3382366238218798 -0.43099923957576025 1
-1.0840815142793918 0.15945202880984743 0
1.5571262729274737 -0.4281634905711272 1
0.5173178708880504 0.842031310404263 0
-0.9624716478639155 0.24220823640017994 0
-0.6628966645576033 0.8573941971238216 0
-1.0440715646979843 -0.000277531061313091 0
0.023599808306537306 0.9743866475597145 0
1.9358990838533674 0.6266041212932906 1
0.14147409131399993 -0.033465735738695004 1
0.7609980189766835 0.6520352270926688 0
0.2194428225171383 1.0623960134491244 0
-0.34222528068396846 0.8716180768125206 0
-0.16498813285098052 1.0431830175570922 0
1.8413698154419267 0.002585695886901322 1
1.6199844695533805 -0.275787445540452 1
1.0513404931353287 0.2559510401448444 0
0.8469660832903058 -0.4897648053864637 1
1.9288126215291466 0.2793427799757794 1
-0.6807854393637722 0.5125365232148441 0
0.5348591133009498 -0.5266341068965701 1
1.948850825443646 0.14833009863829294 1
0.8372405508100136 0.48313569657780675 0
0.5856165727120005 0.6632833656442709 0
0.2505504107601884 0.9152187100420678 0
-0.04732295344623494 1.059151125127808 0
0.5279782400197541 -0.22091297108051136 1
0.24430540297535383 0.994663068266097 0
1.4280382059573458 -0.3723446058664268 1
-0.9898477225104203 0.5656268059792351 0
0.1809687314035245 0.9436188281978083 0
1.008913655092441 -0.3339924046543514 1
1.364965319783986 -0.37178102064269714 1
2.0260022385359377 0.27485418150303265 1
0.1108752785487106 0.9953687347050789 0
0.5804736231940212 -0.4562180681506167 1
1.653048204844439 -0.43533558481697715 1
-1.0078166332429168 0.3577751373446464 0
1.324867052696056 -0.6256810593666781 1
0.984425872195519 -0.4643450533756572 1
-1.1298213968898088 0.36159822932017627 0
-0.10369254858737223 1.0185498757039215 0
1.880634556715466 -0.06833828138567868 1
0.6657878156175296 0.648821029342342 0
0.627071328694811 -0.1953175920475035 1
1.421546665231244 -0.38953759481531597 1
0.8880005267281565 0.14975836839908 0
1.3448397148225595 -0.5396828945806302 1
0.31154725173379116 -0.17951637222620787 1
-1.1044047638149042 0.18355322443749603 0
0.14376621481701746 0.203957772947206 1
-0.5190391709219777 0.9206650707340139 0
0.03248631280664548 0.29268719557693784 1
1.9032281948390806 0.28188729721387973 1
0.8205949307611964 0.29543822314533674 0
-0.907311453523929 0.4341614128242437 0
-0.3628374127451524 0.8627407977029616 0
2.041771504712257 0.6353205851829148 1
-0.13912966252876494 1.0275852971119008 0
0.536600550034656 0.8950485392085433 0
0.6040213961116206 -0.16697450792558166 1
0.8576882293675325 0.2561847385590818 0
0.8753743880774486 0.3531977361258125 0
0.41043406636598717 0.9219276596602898 0
-0.17145889885694787 0.9966054157626876 0
-0.33037536728679323 1.0677262480035927 0
-0.19899378172732674 0.9352641829669782 0
0.6435270664619426 0.8705662394163134 0
-0.9562254391708515 -0.008775057025979235 0
-0.43776708846723134 1.0533429864359207 0
-0.052820983203740686 0.8205368389297447 0
0.0609056610135318 -0.08488190009772371 1
-0.0896978503050967 0.23491909580960352 1
-0.6514809645601516 0.5709676804791116 0
-0.5908415385636197 0.6165017375888816 0
0.8033880514670618 -0.6852285574009668 1
1.8720876739628767 0.30103607710074687 1
2.0442337557196684 0.388999959642209 1
0.5985995600168627 0.8255131067919368 0
-1.0660783299006948 0.14908667448937632 0
0.777885574852791 0.5727813260997365 0
0.17799982003279197 -0.23234734926117317 1
-0.768372828624641 0.67262215365455 0
-0.7345281011998276 0.6699677876620955 0
1.9797652283542244 0.3875179667443994 1
1.6195910036030188 -0.2989079728873212 1
1.419608324641968 -0.5406386528167207 1
0.33311889778722903 0.8575711675935446 0
0.9599930993529399 -0.42012170252865866 1
0.8517387863314394 -0.43762710216533307 1
-1.0863757237721434 0.16970396538309546 0
1.5974850130741731 -0.25466675258376115 1
1.393520025223132 -0.574492981313413 1
2.0724746387242265 0.2377569945267376 1
-0.4446405792318359 0.921845743909998 0
0.8724011951086214 -0.40235216630959836 1
-0.14089324270351758 1.0995931141406285 0
1.0132668240613565 0.18266298580882928 0
-0.9242932316827345 0.28663708666027454 0
0.6951126248243917 0.737850699028236 0
0.9269550212322771 0.30961949641165665 0
0.09979360830368342 0.835357621734139 0
-0.9374518652808671 0.3779563043530686 0
-0.7984131918867269 0.5032209581352944 0
0.45056889610549433 -0.5308072227879572 1
1.2455514072973055 -0.5516378127398561 1
-1.0674004382809714 -0.02786082845506024 0
1.787121089260141 -0.2074641886189693 1
0.8607424583249473 0.13489236742725103 0
-0.24078643720349852 0.776192491472914 0
-0.8842609084572977 0.5364941567906651 0
-0.5861903802044934 0.8645802546126542 0
0.8430798029630574 0.6539798875636453 0
0.5725094448183358 -0.4057743782106036 1
-0.41904048855183923 0.9146221879545381 0
0.6920405509597091 0.7652505737712686 0
-0.4332951969893662 0.9613040269733877 0
-0.25302470424007284 0.9600343139597911 0
-0.03446966584618973 0.42106049125888095 1
1.1430390810615942 0.38201019889822807 0
1.069803622203896 -0.48393314248138625 1
-0.8742176730650925 0.35767107051802743 0
0.1040661150161511 0.41918862057665324 1
1.0051272614952962 0.4086332478416101 0
1.9014001999763575 0.3600567053676288 1
1.9076644742305464 -0.1315262263436485 1
1.7133948870585831 -0.371821982201477 1
0.587730689365747 -0.5615896268993972 1
-0.06580736061949267 0.30597391343870284 1
0.91918156971828 -0.41954453564713684 1
0.6409264931654469 -0.39607865430803063 1
0.37650750918499915 -0.1414865191474255 1
0.7462902860353577 -0.6961635946112281 1
0.5669846621289292 1.012784274147131 0
1.5024454335008623 -0.5177275124731561 1
0.23546602397916305 -0.0775892345716688 1
0.8927923683827049 0.5044222619530531 0
-0.31048741460475204 0.9038589134651877 0
-0.6205137094997217 0.5794108344273974 0
0.8340581092284359 -0.45915653577481436 1
0.40094422996814305 1.1436283849833977 0
-0.6698498988172286 0.6922411682380442 0
0.9548724299402113 0.5245251915499398 0
0.7677778034169587 0.551288780175863 0
0.12991097533201892 0.5464361104083939 1
-0.966969363835653 0.015179300661460199 0
-0.18939032488463456 1.0796336643641165 0
0.1542133533691082 1.0025436433987096 0
-0.6787752990224948 0.6963953711682311 0
0.10330185860790221 1.1020225952187659 0
0.6164368502400057 0.7381242592292198 0
1.8802429333418764 0.03312609891523052 1
1.6911997446577138 -0.29616561653787915 1
1.07238171789932 -0.4629455296209941 1
0.8585769832823583 0.693356700742395 0
-0.040102891932813134 0.09251833634240597 1
0.41633749367872225 1.0692608993018573 0
1.4766485792001929 -0.4282351889517061 1
-0.3586189025312722 1.0016168516079462 0
1.5410917174681795 -0.43801850586527097 1
-0.7695593558132064 0.1577138916725571 0
0.4787255244576244 -0.34126153969210693 1
0.19509109343925704 -0.1243057262832922 1
0.4252812632056778 -0.3755351130790672 1
0.6597582190773204 -0.5468946184592882 1
1.8061910899803029 -0.2887529032764986 1
0.3815866908235794 1.0193072386739572 0
2.0159369959854745 -0.14227328835631975 1
0.02028917833303223 0.0015968851823158492 1
0.2885372054484516 -0.19923840633314333 1
-0.42081515791602103 0.9045351970066434 0
0.9027802873195445 0.540574632770272 0
1.1630771664670654 -0.4930174038941998 1
0.8602490096965022 -0.5617903601091829 1
-0.996304152750447 0.05260251411119002 0
1.94744425904492 -0.12047232146841393 1
1.8337476936864072 -0.16799791197285757 1
0.05774599187485999 0.22764262446126932 1
0.1634793346726047 0.4036703366173135 1
1.8780779516972606 0.590762288798617 1
-0.011260888928439655 0.29639440931088745 1
1.7375794510087474 -0.21370145944876637 1
-0.8244753358791147 0.5251776239614616 0
1.451995370950773 -0.3948581234730267 1
1.0564009509381038 -0.5424178541499953 1
0.09358873001088448 1.0216654830461627 0
1.489199703033261 -0.5210486085133631 1
1.8349430099284094 0.4423406591117208 1
0.5424153686460891 -0.47450808626205687 1
0.26148307878397187 0.9853346606636648 0
1.7870908446583955 -0.04368308126616938 1
0.5763342877866046 -0.3997245311940722 1
1.0308515223623425 -0.05775341562073119 0
0.6812294188362764 -0.42144649334169587 1
1.0564458017140073 -0.5035774332143224 1
0.7985917228328101 0.5360120054602245 0
-0.8713595451713922 0.18822224685883535 0
1.9798848367926656 0.07237207662072898 1
-1.0666240449698716 0.13245951378275547 0
1.803803621113949 0.005150569451975864 1
1.9821830576065074 0.14045203135841255 1
-0.6082274380935511 0.9221236928732783 0
0.5141491055190752 0.7561053967304058 0
0.6752232708635197 0.6867661570346978 0
0.9425685983297382 0.6420341883747591 0
0.0877261720877815 0.27465036770038836 1
0.9276046269498739 0.33816127581324856 0
0.3612913865641743 0.7927361787478728 0
-1.0566597764511072 0.3367037572571292 0
0.7483043373232946 -0.42644786991124156 1
0.10697629874190759 -0.16547980248836147 1
-0.028431592062686487 1.2678386485964732 0
0.15914027897861024 -0.12567484963034184 1
1.3770840506254216 -0.3687694394454488 1
-0.024668594024625234 0.13296897565641053 1
1.9512163306844743 -0.019771477235881796 1
-0.8450273949877787 -0.12591364451356682 0
0.8908714851638584 0.39705574561199247 0
1.2129982348629291 -0.45360334228603716 1
0.3510407371702381 -0.36089647283256826 1
1.2515277840144006 -0.37493195977820437 1
-0.8011673135366937 0.8558575580955328 0
0.9025557557948336 0.7601070126585336 0
0.11538626164250629 -0.03422341258926893 1
0.9142744627796289 0.14551988418799477 0
0.11340424482613988 0.10630586129070568 1
-0.039266860141329324 0.11995995904062776 1
0.27545746351512246 0.8729376363026142 0
0.6201367768936438 -0.373488048114977 1
-0.010253175438551462 1.0096389544310758 0
0.16296424224723266 -0.29946679743435134 1
-0.4062269956437078 0.8408387647837109 0
0.6224650343612698 0.7746417446758959 0
0.7493424103216808 0.4564362043930761 0
0.7817804844350006 0.48608037974347945 0
2.1826975811512948 0.40485181874161646 1
0.9737920817263954 -0.5345271813057697 1
1.722029711187353 -0.5020240840577654 1
0.9336871128849504 -0.5683402038128487 1
1.5781218005743285 -0.285674236484194 1
0.14649871084818017 0.19935087250113465 1
0.20833262580848066 0.6079147942371684 1
-0.826463238137965 0.7127488332662248 0
0.16699733130155353 -0.2195021006930944 1
1.3344027848713957 -0.47112412067332476 1
0.16697253951539115 -0.053514760668302463 1
-0.9814240257799616 0.13641192962488288 0
0.34704017899024575 -0.2968711923129843 1
-0.09811865779605272 0.2835681041916965 1
0.5252045021758361 -0.34041015929052243 1
0.09312473476274707 0.921421420593051 0
0.8646509131409005 -0.4571321987506499 1
0.442735637776057 -0.5662068816487842 1
1.3776619669684775 -0.44960092585806966 1
-0.7870050856323847 0.2923756767143782 0
0.1907830584124524 -0.07763919682808736 1
0.18464402942142005 1.1228353136338185 0
0.23792476573433224 0.9146619190984482 0
1.7066730877298237 -0.2293483805793992 1
0.41708657633863366 0.9252109329389384 0
-0.09594904817802238 0.2104271601498857 1
1.8684620147103603 0.31454952849684065 1
0.13837367288206512 1.0963433139415968 0
1.5991309140861976 -0.3730907261265358 1
0.3632254356375055 -0.4342302605664828 1
1.8452162594788308 -0.07888316890931418 1
0.6764980015252574 0.7195436833273327 0
-0.5854880189311101 0.7661024118266774 0
0.659183124713532 -0.4332910487922399 1
0.5884024489004605 0.7136397957935242 0
1.3477490060038795 -0.5339914866252377 1
1.2387918964904316 -0.4644951616854037 1
0.3784037393192101 0.9720498703864358 0
1.931376482159128 0.4313483089777848 1
1.7219452677294278 -0.1217358330771415 1
1.1103576193082971 0.3252788086127276 0
-0.011029737793981885 0.2744997509939096 1
0.9356911653124889 -0.48303582521406 1
0.4564442172763247 -0.5661571752947188 1
0.5857102542437591 -0.4074459226560836 1
-1.086804784737799 0.33757226838542964 0
-0.5985232110927358 0.9102541443056875 0
0.6373237131394454 -0.4709772871916 1
-0.35216025032912845 0.7900508960488566 0
0.39804988750385706 -0.17538013649305234 1
-0.9813568061521094 0.40786954860779856 0
0.6422145266448946 0.49529954483435273 0
0.6415475433000785 -0.3695121681292814 1
0.7793390577796379 0.5366933298319609 0
-0.8137222741056702 0.6117745241783565 0
1.5881618659838648 -0.19256666600310912 1
0.672687375024768 -0.49159736041505986 1
1.0615705463226046 0.03873621053241971 0
1.458554668727744 -0.6008161436131203 1
0.874946146661068 0.4789182537482487 0
0.24509504815589458 -0.17871158118601269 1
0.8826819301787286 0.4977822753160898 0
-0.9520136138118288 0.3388096003145547 0
0.30692178585798224 0.1768928670708429 1
1.7746570340832168 -0.10238010764673514 1
1.2008887165496887 -0.5987122783879337 1
-0.6223278387373262 0.7754084540238221 0
0.17546567218103076 -0.18361239361606901 1
-0.7493110943731504 0.6788603588455755 0
0.004944516649267469 0.40214894273607255 1
0.7445499721577358 0.8247322101915988 0
0.8079810436783301 -0.49666534699391546 1
0.07300106066669199 0.04338330803146502 1
1.143238559867941 -0.6539465626203911 1
1.7877338089980517 -0.1789075822263143 1
0.6414580803909745 0.769244299848636 0
0.9817916929906572 -0.6147802703473868 1
-0.046810237688448775 0.09975329134792879 1
0.03960366082925751 0.9010250513454201 0
0.13029629991724576 -0.07676280131273658 1
-1.1066406189525284 0.15387487008525433 0
1.3645629417506078 -0.18935474578778638 1
-0.35969787095394123 1.0489879901932695 0
0.5177220570856672 0.7526022925651923 0
0.8591602860639093 -0.06793783200463686 0
1.1289789048131753 -0.5861401916981019 1
-0.03684648250154551 0.37185212977055376 1
1.9209448161936973 0.17516602749296803 1
1.9545753310023393 0.3954805989175671 1
-0.7385804754589992 0.6154499577419885 0
-0.0464357399383369 0.45355317258661026 1
0.5661317924827282 0.7227238587786522 0
-0.7523702461044779 0.583402889958406 0
0.15944601578543965 -0.040682728534874035 1
0.3319620850196717 0.6481751695144167 0
1.0219870813545042 0.07029538519177983 0
0.4850384624619123 0.8363997276973418 0
