-0.4247838106451262 1.1423590016980958 0
1.6549449278512662 -0.044067277393319504 1
0.2582409807451481 0.1600537522928759 1
0.42236096641205506 0.8307553761432498 0
0.5262524867499659 0.35671625662438383 1
0.3438975737442211 -0.33667030066509834 1
0.31342119199133933 -0.38505889997051057 1
0.4918243583312738 0.9108489293743585 0
1.9046228726153382 -0.662021916277912 1
0.4270870284468754 -0.7347112080859799 1
0.6235520638300434 0.7657725608793032 0
2.1615275888538656 0.074111533402798 1
1.1412188094972584 -0.5075561622496574 1
0.17326048613341818 0.9830651667983552 0
-1.048763433909596 0.46028036488009094 0
0.33583479708899405 1.1334371462402424 0
0.21852917666132515 0.11392337868720923 1
1.022048616325874 0.5886208236891662 0
0.890552059936789 0.19643311147626008 0
0.440244957360599 -0.22773688595618025 1
0.9446569208667446 -0.28023264206645226 1
-0.7879258025313031 0.871308324025668 0
1.9233851221737446 -0.17254136232281755 1
0.5486661448107373 1.0603678635028708 0
1.3209360836553854 -0.43674553547888423 1
1.6945328331198797 0.5537756588413589 1
0.37045891531273356 0.09289281532141236 1
0.49793039182695115 0.06484578978505193 1
0.20810441688288572 -0.21439637755071836 1
1.501271111639238 -0.4644656396595568 1
0.2314088271010788 0.8737203626807917 0
-0.7120008585259983 0.8752680071160466 0
-0.3115886935585691 0.9082795066366895 0
0.8172193074264799 0.680893843761665 0
2.0871781441839588 0.4275178973489361 1
0.8061298016908762 1.1458579871505337 0
1.156611734657855 0.5940160861731361 0
-0.828954504886601 0.49968026965231344 0
0.3733970974282192 1.0205216555086918 0
-0.6061686267526754 0.4651310105063352 0
-0.19298309338054415 0.5949321442706774 0
0.09560756656165499 -0.1093054226600696 1
-0.014670470141513403 0.917126399373106 0
-0.6540572029751349 0.6283094594940897 0
0.6377293220844322 -0.2015775375303901 1
-0.8795327982500821 0.008452778532406668 0
1.545411537661823 -0.38060200141869827 1
1.24544368708039 0.04896583451322911 0
0.4142681831057492 0.7850277899320109 1
-0.690768167654547 -0.2895929672319047 0
2.0458059554835377 0.2465686164894253 1
0.7153170007727407 -0.41942764961737833 1
1.3198607979321837 0.02551100962785624 1
0.6434417116010245 0.09671890052428095 0
0.5704427673573471 -0.33470446994091074 1
0.37633518695610085 0.13742997413771013 1
1.2778384808740224 -0.3623605564045147 1
0.6414324862414367 -0.6624975021843281 1
-0.4662695505161586 0.03879570472201002 1
0.9574405589587979 0.3758280997819663 0
0.5714140994883116 0.7978201539202577 0
-0.7582549642316121 0.5313399854667317 0
1.5952663319901583 0.08733837307396294 1
-0.23158772268913724 0.7623078747870271 0
0.06708915919034572 1.1134102756078403 0
-0.34226444428010416 0.8019035101417433 0
0.4289744885554938 0.7100979298913643 0
-0.8368333748823902 0.5810282457079855 0
-0.9306354129724339 0.599925111571969 0
0.3791341497584637 -0.1315170299912457 1
-0.03310735529813111 -0.08559010855641802 1
0.8136285816651027 0.08010709591917925 0
2.0958137703751425 0.4949576390909787 1
0.8893510547338092 0.5652623024498359 0
0.0343335156829174 1.21899545683835 0
-0.8277283121051324 0.2233045193696193 0
1.7645028648326344 -0.20714305286933898 1
-0.05693423868358499 -0.12993137324919202 1
0.6414586380727341 0.18959533658721117 0
-0.12680696669428493 0.7971123890949071 0
0.797227227769612 -0.3627356949216805 1
-0.3005578271304812 0.8752859600449177 0
0.4203861486065254 1.227468609464124 0
0.8440463589629409 0.11566959883377517 0
0.6906045016507857 -0.13036123566389007 1
0.7822474904029457 0.44490980097833094 0
0.17145498497479952 0.797901162929558 0
-0.5254736122252097 0.8793619434871792 0
2.0969992263287645 0.2707018351967526 1
0.13100647397427867 -0.3350404834901185 1
0.3830194046640738 -0.1691631168700022 1
-0.09675337277382715 0.49513314053600566 1
0.2742111251131577 1.1605816431462093 0
0.3252808068392836 -0.27287286318329446 1
1.7649036058682162 0.22305787527356735 1
-0.9183892250162573 0.4247406041922169 0
-0.8385863618634635 0.6064865949097845 0
-0.5695242124792003 0.7332957538942029 0
0.6465066451956725 -0.46745196172226744 1
0.93485910369395 -0.3232954651282549 1
1.201614722338954 -0.47962788587456984 1
0.9111460231571094 0.2857783446213526 0
-0.27859105265863465 0.5380895392919101 0
-0.2471711651899019 0.9950010056479324 0
-1.0347066340837718 0.5083933213617211 0
0.12933575861775662 1.2036113911216075 0
1.9108570772200928 -0.11055930524435571 1
-0.8735387283007364 0.6927034518624154 0
0.9661342331101126 0.8730583852106797 0
0.31270705892744477 -0.5583348009887189 1
-0.7163795097221705 0.8688517633281223 0
2.312674036564423 0.30756836462183035 1
0.7660231189165321 -0.17472381691311833 1
0.18865541756953658 0.735908405844693 0
-1.2418078491737645 0.31217683291479453 0
-0.23147642363369642 1.0491304977537053 0
0.08974772369759658 1.0480885602032868 0
-0.9534248338459819 0.24745259744648673 0
-1.342665085974292 -0.18856336648723238 0
0.11112187776177881 0.2827248889259091 1
0.040935660107065286 -0.4705500374417154 1
0.04078281785655913 -0.399660199068865 1
1.6587970990726215 -0.7355708049687015 1
0.07198297215431665 -0.5593329046771993 1
1.8385823669464187 0.226335200364893 1
1.8356567434004067 0.036632191581941295 1
-0.35605600990403896 0.8173649771414745 0
0.2693005356275109 -0.2038830271894464 1
0.5158306721390875 0.6580402855474214 0
-0.9132588456999877 0.6452764764685658 0
0.09732209828827904 -0.06935581738370868 1
0.3418066682149881 -0.37362407517132645 1
1.488941304495926 -0.3438873248121348 1
1.915418280003222 0.10844786787746713 1
0.3303690864118 0.8724158871365219 0
0.9340978866587302 -0.2727087287167208 0
0.613833400303397 0.7458680127855535 0
1.8507805324754538 -0.4262007837822215 1
1.01168822749563 0.6997980579524438 0
0.583085041407755 0.8026727582948199 0
1.8161677528390412 0.3830735888447136 1
1.9777854944541726 0.18877531447218265 1
2.029761500263487 0.2973519852239609 1
1.8832001314138114 0.28339804691354087 1
-0.9248016537079553 0.5362050368312431 0
0.6735139676775843 -0.8147472885935214 1
0.5074469747789518 -0.34735574194019714 1
0.5685284117494304 0.15140437638419646 1
-0.24330951849243698 0.7409564409414642 0
-0.6759758239648465 0.8030193646402076 0
1.557570612979069 -0.18315731410819447 1
0.3076114591292874 -0.3507125578490738 1
1.2417543247502054 -0.7761327575234094 1
1.2339608232099069 -0.2648831747123092 1
0.09199269691853117 0.24676506545049465 1
-0.7378139615967461 0.9321122255076499 0
0.64457612481037 -0.4715795844989651 1
-0.7579183445990006 0.5361409117600561 0
-0.25122569788537896 0.18768178945675693 1
1.4507463916783683 -0.028022668809896845 1
2.259821754295915 0.4342379913152692 1
0.8624943401779404 0.17117653205249467 0
1.850158770190337 0.68506295110182 1
-0.469907405393165 1.1538319869980609 0
0.23922441499021196 0.10250059441178105 1
1.7204742118843592 -0.06661330082541161 1
0.2959708586076875 0.9341648966609456 0
-1.1938723216670475 0.33504165982660017 0
-1.1171641500264717 0.48182821896322237 0
1.1255381611564212 0.008274219607165324 0
-0.8644727360225726 1.056738908409 0
2.05289373380944 0.2329924450953676 1
0.35690098249483976 0.9845545421925987 0
1.9195192259518543 -0.22610045039312543 1
-0.5706609290283937 0.06625008906786178 0
0.1151794578098971 -0.0890058312279457 1
1.2178960287132936 -0.33921918460801576 1
1.7226515262228934 -0.16502595254056934 1
1.7731882251790525 -0.19204913862486728 1
0.9891399527129661 0.5909077525831646 0
0.7301290922957935 0.4195385493741237 0
-0.8909608866714678 0.5096138713494247 0
0.8890180297261023 0.3473628678540478 0
-0.688108139033742 0.6499268287742443 0
1.0776015378733435 -0.16977288706761484 1
1.4349243846375237 -0.486550144665164 1
0.25379076316671767 0.7021637752912399 0
1.045955348494433 0.07767458428067348 0
1.6837847288172965 -0.15450320341595403 1
-0.3921268052495803 1.2724099664112587 0
1.3993619798828534 -0.25525462954478884 1
-0.6854413593847841 0.5244528391859286 0
0.2177913029439638 0.14163091107550083 1
0.5337634757743899 0.8760912457276437 0
-0.06943475085881083 0.37359466823634824 1
0.030889040218018457 0.9538394327808971 0
0.1661000575371198 1.266530884368092 0
1.744216985657557 0.014837822267411642 1
0.46187251145031477 0.7580308477188272 0
0.8803515857348927 -0.636439981859453 1
0.04093973650539964 0.34908917538612294 1
-0.8996532683216039 0.19761086672922168 0
1.6294124628727333 0.13884525433637834 1
1.383002853827776 -0.42563040334799535 1
0.06286590026987413 -0.32888506436073106 1
0.8399207166319961 -0.6566113435731146 1
1.908956280453455 0.20393589226799508 1
0.9278099770113947 0.7727622094865618 0
0.32659645444514257 -0.31833746281256675 1
0.8960323488818581 -0.5468582107989173 1
0.3911000111936402 -0.3766903620818426 1
-0.44857397641131463 1.01416858175058 0
0.8294207971157374 -0.05043808737867475 1
0.3816244998185332 -0.15904943971159702 1
1.44716157260996 -0.46712058891596325 1
0.5470793688680307 0.6965710071568609 0
0.053649213153494635 0.7811102896992581 0
-0.6933333175974261 0.8046250006571265 0
-0.6168696912664108 1.1438536868123346 0
1.558145016898145 -0.2612127609968414 1
-0.35167063921180053 0.9769045731686911 0
0.8099290768847465 0.22530332141656248 0
0.02319592706616575 0.27170917368134884 1
-0.754215770466954 0.6153980103131808 0
-0.6107902345330382 1.0103825684671282 0
0.6601749685627883 0.3969440359218656 0
1.6992593467398218 -0.4916114628011078 1
1.6779717324846708 -0.4067998677600428 1
1.1599902723488096 0.7604436447478384 0
0.20989900783145013 0.29423134342849094 1
1.7363419758351089 0.3435064507096321 1
0.1524662888444585 -0.009420937415126174 1
-0.8659171904259725 1.0212087097850375 0
1.1576255018716854 0.049728069659601026 0
1.4588907762116907 -0.7697416097242313 1
0.09402447640869921 -0.10090339251263797 1
0.16491853832931447 -0.4775635121061838 1
2.089735621132666 0.32834484240944684 1
1.85272412283591 0.2149407367438948 1
0.5581697151513476 -0.5820936630141236 1
-0.46812315760366585 0.9529537376210291 0
0.521171519633976 -0.404285622496792 1
-0.6117663433652974 0.6988345506882472 0
-0.027125577884128747 0.8053992635875573 0
-1.1334247694947193 0.24782842585372383 0
2.0756361777373717 -0.16751147086966914 1
0.6457572156715532 1.12118390327084 0
0.5427998675630796 -0.3670050390307893 1
0.4952674987485115 1.3354250694228993 0
0.6135863715913495 -0.2952152927837346 1
1.0881253852883048 0.6801046588534478 0
0.021401938440917007 0.6893190731704071 0
1.3787956874099896 -0.4083212626398238 1
-0.6597099845687866 -0.34913553304469935 0
1.544819722179683 -0.25969775877972245 1
0.9384137631913647 0.41886699965583496 0
1.9833658917106856 0.5893121052550366 1
-0.4448924903500485 1.0592255133213182 0
-0.1739585714400106 0.1221022956661974 1
-0.4539068745216027 1.0451213946295974 0
0.07414996968500978 0.46002063654096903 1
1.060641856864568 0.3695190554044394 0
0.9813698353006407 -0.04499884006045256 0
0.8705221090015107 -0.6366853622223911 1
1.8717981677067348 0.7532082425865813 1
-0.7176754129785277 0.46829226415735775 0
1.7301913423551185 -0.26030222556054955 1
0.7686210792911844 0.20677650569166883 0
0.8474636837795105 0.8030806284290052 0
0.036250538644958474 -0.35707336228433406 1
1.6358763886497116 -0.6067391266692378 1
2.1530318464761438 -0.30743392408007 1
0.5253230461839707 -0.599237974043908 1
1.1664594991759432 -0.22929260274000393 1
0.2977674767702858 1.0077056275230691 0
1.2868002810158912 -0.7546889640223007 1
-0.9922146959006304 0.3791379905093343 0
-0.9638189961509109 0.22876768546473664 0
0.3766907716947401 -0.08668893736846744 1
1.0297391408670926 0.7141550045393796 0
0.14358098451080056 0.25305026007913545 1
0.29045934881490465 0.3715965659442032 1
0.2831131016660068 0.8580276402074725 0
-0.4594322980501654 1.3771522489584096 0
1.0301131710585947 -0.5139920178015616 1
-0.8128622937866468 0.6785625633711294 0
0.4000047199669216 -0.004650827613200126 1
0.8724414374404357 -0.10791135583618783 0
-0.13909597715027366 -0.26840253695926375 1
1.359268351841017 0.28977402883334785 0
0.8712630185613974 0.6371585433447989 0
1.028147814811502 0.2941441772928103 0
-0.11608482488797273 0.2262341280720071 1
0.7207827906375357 0.7328374844942543 0
1.3780557959280884 -0.40772777879489086 1
-0.38124796226940977 0.48058804695964275 0
1.8249501919641844 -0.27044397007076887 1
0.2616680815363501 0.8569976962117066 0
1.1519413954284072 0.35259425710642045 0
0.834115102505455 0.1455348015236585 0
2.395387816129517 0.552779239653161 1
0.4856156208034468 -0.5328439850239372 1
0.711134564610143 -0.7482025663465145 1
1.5698541063518887 -0.09002667676719789 1
1.4394904737052454 -0.23222569199692802 1
0.9609123313377976 -0.3723242036091382 1
0.0019091518254572733 0.18485120556141932 1
1.710466762027786 -0.18297790557598437 1
-0.43294482611995594 0.8062519057134965 0
0.4507373366115959 0.7386385962353146 0
0.849778190545085 0.4373438007024201 0
0.07399923750420803 -0.15904921943831263 1
0.1918888829829529 0.8691404485946725 0
-0.5912648396032479 1.162615850323965 0
1.488776570241309 0.05448339280600181 1
-0.8688610946349069 0.311502516602533 0
-1.054451437759476 -0.03017823617905567 0
0.7895913173613845 0.3871241793578778 0
0.9467367268031037 -0.5987209291652597 1
-0.6381860518588118 0.7557102528086238 0
0.9255507275996641 -0.5692971282268583 1
-1.1705555335947697 0.3399468663122974 0
-0.7169015536741438 0.4568493193727669 0
1.4315013762568523 -0.36165321825295965 1
-0.559117297053437 0.569374659147056 0
0.2716003419656869 0.10091230590290234 1
-0.9831859709034809 -0.02050379677578211 0
2.009526883197399 -0.25340498783499915 1
0.09098630671602953 0.9766052934506915 0
0.5784901469423631 -0.2903113648712857 1
-1.1730597131909906 0.15392851327040424 0
1.8445340364943141 -0.04187502867053201 1
2.215712851369747 0.20779395269707335 1
0.3488160763890172 0.8722804820594529 0
0.6246218590779948 -0.40397207016363945 1
-0.10369150902879676 1.0424904613962231 0
0.09598541795351406 0.30060063955558375 1
0.8352152562049504 -0.3390940258909676 1
0.33681813619156675 1.1747235994320158 0
1.5845497158659423 0.08679066227668958 1
0.23248419850576324 1.262379663552473 0
1.7933135703062368 0.41168785125552443 1
0.6961452637254081 0.8047296390577354 0
0.7679517168145917 1.0000629638748681 0
-0.2979956344164592 0.8764192457650085 0
1.123010878128849 0.37541233031177246 0
-0.07585577064761129 1.0960372218580436 0
0.19848409581894752 -0.2764729223643898 1
-0.6987550234951019 0.33621311544065335 0
0.9312563227345213 -0.40154128923926186 1
1.7761579680426802 -0.1859370478112279 1
1.1192212410486904 -0.7381738083613483 1
-0.09539402058869781 1.389348351725845 0
0.642495780874353 0.5240362349093686 0
2.136750108871479 -0.25538556774128945 1
2.4542864752007527 0.07626304127389102 1
-1.057738202442553 0.8850679689583095 0
0.40449929336039037 1.063002362296414 0
-0.7594522171296619 0.12121557902226218 0
0.13118484563462732 0.5522136235549593 1
2.022762627348388 -0.30095216853468976 1
-0.95112194398144 0.7387056746807277 0
1.7605375962936889 -0.01338347933413725 1
1.0933190093403966 -0.2792721484545471 0
0.6081074271360836 0.45804067487372707 0
0.7269766471866309 0.3156374254116344 0
0.27364319116045965 0.43008311036782154 1
1.0849892081101786 -0.4276791370009002 1
-0.15375327986557003 0.1204210836799638 1
-0.7552525879968213 0.7919707281828496 0
-0.8873318702562407 0.782174342508241 0
1.9094898612873432 -0.1678645535030195 1
0.38076888755867844 -0.337050725200992 1
1.2576107475854321 -0.3505299170656778 1
0.6573026936633508 -0.25329922548557704 1
0.2901843883107945 -0.08174529707617934 1
1.9945228374270656 0.4936093220149361 1
1.1476859331595135 -0.502089163821271 1
0.03513409128342217 -0.22977054433319122 1
0.6570707689353094 -0.3872760079949483 1
-0.761254428203681 0.5899256885122095 0
-0.36834751641793706 0.8998169865752543 0
0.3184447855120844 -0.019654396571902016 1
1.9855189016503259 -0.04598838463993293 1
-0.05994907782931777 0.9769005689428314 0
1.474969674656682 -0.846925805696409 1
0.7547324512677409 0.3458810425861106 0
-0.012526291767160191 1.0632912879199052 0
0.4569910314384736 -0.5059211293127142 1
1.0646573472890664 0.09184108740176622 0
-0.14252720070506852 0.07235269104400115 1
-0.0476343639434819 0.27371198894980137 1
1.759333806771922 0.24234848031418493 1
-0.9699588255078447 0.3205250671449369 0
0.07609794551805805 -0.2196047742374938 1
0.7645623487282398 0.6511583571716483 0
0.29281528453835964 0.494846244300995 1
0.2830673700574002 -0.19025796116923363 1
1.1724167717025367 -0.5033217433745399 1
1.0330772519398408 0.6048410241836703 0
1.7464969171622013 -0.16265533842999472 1
2.151493433309838 0.23354761740086072 1
0.17278552473855874 0.7860408350124518 0
0.25344094228904623 0.9748053895465134 0
1.6160554839458952 -0.27392149794288734 1
1.9149197191822402 0.09212772435086541 1
0.28260586787903913 -0.05358000471793724 1
0.4798306468435236 -0.27771619780670104 1
-0.03424019042370463 1.147962656320123 0
1.0624128993502724 0.5084878143656909 0
-0.949577866958747 0.1353431929288716 0
1.1483513722980445 0.5695759008186382 0
1.7809476639324076 -0.2934221633166064 1
0.7841666237094438 0.6827618767654839 0
-0.709397574045232 0.5893723465480161 0
0.5866080715726827 0.6305413653477009 0
-0.21343503037705708 0.70887767910106 0
0.26135704977047525 1.1736402759627922 0
-0.5625925437072568 0.8883662175480523 0
-0.6040028250916969 0.3416757512588283 0
0.18928671692369176 -0.1694047521013951 1
0.977308850536615 -0.6575115667123612 1
-1.0351790872792614 0.3437526259766652 0
1.6714908810641975 0.44131299518309663 1
1.4547233919974403 -0.3586989124181601 1
1.442746719663651 -0.040791838070804345 1
1.010901829945614 -0.4761834141375682 1
0.4910553165740961 -0.04144324438954289 1
1.7204840505252024 -0.6297414638178663 1
0.10114323969463264 0.3570209301172777 1
0.04214989666404244 0.2977998626534256 1
0.5866088460675519 0.46195467959259706 0
0.5633365118492865 0.6213332638725478 0
-0.7959927509694038 0.6734667162583756 0
1.902691067369685 0.1674514787801075 1
0.7674806161547695 -0.20847969370814423 1
-0.8853473036643569 0.06690331496962239 0
-0.34923234899962685 0.795435062679153 0
-0.86110905089168 0.6702096372485392 0
-0.4891916073938726 0.5115774121979719 0
-0.32222884199588836 1.084556437198601 0
1.3403024951358697 -0.6846524658937525 1
1.9711418771304312 0.1802033898286894 1
-0.8531819420658282 1.0493177622214374 0
0.10868560929411201 -0.12003900446615418 1
1.9500724020647973 -0.38094408416104864 1
1.2852237185695805 -0.7840117612417036 1
0.5224359745239626 0.7724884474552615 0
-0.6125620893463345 0.4189990603072946 0
2.1929251879112677 0.24387135494455922 1
1.891381803821602 -0.34145994992346757 1
0.444012988941458 0.8059873811122067 0
-0.010164648530178481 0.6289819552889011 1
0.621237219560298 0.49139939384452513 0
1.7324781515923686 -0.40548310315131686 1
0.09770838174090775 0.14303760581111835 1
-0.35556309403275055 1.0861168818713132 0
1.9993054280581555 -0.3533775587022579 1
-0.4364859342294692 0.605863957245435 0
0.7525910524005592 0.9730365586490228 0
0.6505545033986594 -0.2913519252405069 1
1.3890570255835362 -0.6256225479394762 1
0.28456775494970926 1.0366477130913325 0
0.8783141996073306 1.0511644289372857 0
1.658922298105967 -0.7466746302051134 1
0.9409657204277823 0.08662969623803277 0
-0.3608068412106088 1.1214947798515258 0
-1.0032429560999865 0.28988119522465194 0
0.3864441072057439 0.26208256512499273 1
0.08384153375357739 0.048678460445601826 1
0.7596670870758212 -0.2789483845590228 1
-0.7218692801278248 0.6759401687088467 0
0.7896831963480614 -0.09318296900156253 0
0.10836503358718888 -0.21431269021844876 1
0.6739253832045099 0.8072948147287371 0
-0.9144320641271275 -0.08046630015484502 0
-0.032739286085213315 -0.1732918456033279 1
1.7821520695404465 -0.1830718513906423 1
0.9957577973259899 0.49249544663824996 0
2.0836222819897006 0.7832323913642867 1
1.9151226625060105 -0.26950942796805943 1
1.4233096783801975 -0.29173034074149795 1
-0.6405065016428092 0.9444519109670267 0
1.037070233979398 -0.5362113424975049 1
-0.8094831120983386 0.3538801596034234 0
2.3397163853083836 0.05265041297692752 1
1.2266441244037987 -0.40915492088644734 1
1.5784179957138484 0.7514082489998649 1
0.20040598120991074 0.03479475386323605 1
-0.7362093514538337 0.06662388015484078 0
-0.7440733920468169 0.9477167608288019 0
-0.1925095403110778 0.14546623209552545 1
0.09250853198049627 -0.28826683678817155 1
-0.8716099091195868 0.9055420883792802 0
0.679143574288181 -0.4661430424318081 1
1.5480587502848497 -0.5306312977411428 1
2.0652030632014666 0.12734096067044637 1
-0.6593965294539321 0.973179497990645 0
0.45125868577937955 0.24625367810835763 0
-0.01595205543233031 1.5365145078792826 0
1.139065532589509 -0.8188178884791961 1
1.3500182239380814 -0.4720409433207903 1
-1.0008373114705724 0.5422542129997043 0
0.5886305690768155 0.6808817860915155 0
-0.4890278212438202 0.9990723224051627 0
0.4579440648646319 -0.15625221422817442 1
-0.118405758715642 1.0680298558648889 0
0.6607556653235174 0.9615491096658448 0
0.712085868856421 0.6714714471432806 0
0.6386830210192832 -0.736936786910526 1
1.2758920707194308 0.3510834342883967 0
0.521149709743739 0.7498938957502818 0
1.0628616619055 -0.25741148158711846 1
-0.3308071435386364 1.268072558307191 0
0.576839893764278 1.0028653190539234 0
1.5942995346815052 0.6129160556518847 1
1.2384988406254067 0.4628052603368755 0
1.006328567186534 -0.47521872832622086 1
1.1232075195972648 -0.11014982408569955 0
1.7326614091695467 0.25594853619434943 1
-0.017103356187448182 0.13413080766150878 1
-0.07731476033823766 0.6414749736805021 0
1.405245596832531 -0.431610162460232 1
0.7691291678504554 0.7937014012490908 0
0.3374973223132618 -0.7404090250537132 1
1.261279764016922 -0.4302811313814977 1
1.282969719552599 -0.5530903327673127 1
-0.30840454126782524 1.0006315078612777 0
1.64790812107533 -0.5982881735518979 1
0.028446817765596825 0.31477743791828033 1
-0.7816124158372504 0.8025752279980483 0
-1.048627174286901 0.32307877836179255 0
1.8844487256914464 -0.39185802076515613 1
-0.8769026504885558 0.5933673877026527 0
0.8893795749548175 0.5141859612514906 0
0.7473008060697028 1.169791359257867 0
1.0674752020882288 -0.48771020497684636 1
1.6887337532103572 0.2778713498058532 0
-0.8035906308743063 0.3878234941576862 0
1.2658643213731833 -0.7315387261623679 1
-0.8690758334024761 0.28923564313139566 0
1.6839389888844207 -0.26612778870788406 1
0.30797356230481393 0.5012730836034348 1
0.36028304709189235 0.7135851014436088 0
1.0359215821296468 -0.7321803797841981 1
0.2092613765997777 0.8875015689242803 0
0.12721474745116915 0.08914799321543831 1
0.10335673041966342 0.27484007741469985 1
0.4016138652536405 -0.29778292712478166 1
1.7075421534474486 -0.4791442174651661 1
-1.3031031458296432 0.43159415772395127 0
-0.26094212672254835 0.8747781433816804 0
-0.3905448919861737 0.2952070679386919 0
0.4513692613700664 0.8829370802755104 0
0.9342663726357 0.3792569040671994 0
0.9425175727780084 0.4273005389116423 0
-1.1752189404191353 0.011468288609996106 0
-0.9403468066604415 -0.03306456282038798 0
0.6577625702743572 0.8089999617462549 0
0.8696221143460081 0.5071540251616797 0
0.913554774446575 0.0032481602192608316 0
1.4942026038475569 -0.16172036908386 1
0.542039982579245 -0.1366918480290662 1
0.7647618828048813 -0.5207879567209286 1
-0.7940126716371328 0.6709268382438777 0
1.73842777142708 0.3221903154150153 1
-0.22181738179607718 0.353572144014459 1
2.1843236681841365 -0.04544602519875221 1
-0.01560997510509795 1.0233527494581665 0
0.06505835737103013 0.22147234835019128 1
-0.10722389197370251 0.9302290918153532 0
2.086143994488623 0.5740140074958984 1
1.839364419564872 -0.16207009467425565 1
-0.11237307998808703 0.7096164333821309 0
1.9041207158483406 0.43718263654164463 1
1.0249621848379988 -0.32599290158177346 1
0.3096775412792495 -0.31117477876289934 1
0.15701695579873118 0.9468674785913216 0
-0.33398206786144713 0.8559189409162911 0
0.22864286968726708 -0.16621077198654932 1
-0.08706031788941754 0.40666443765056326 1
0.5167191804911112 -0.5459006627508372 1
-0.3761071523424698 0.8368544337745694 0
0.51594239872477 -0.34526238319681324 1
0.25001670790630215 0.09987743723257375 1
1.9051744710646654 0.1696753878866043 1
1.3026471438325187 -0.5139850824640716 1
0.37801718278717933 0.6943242193152727 0
1.8649284180196406 0.3315894058311132 1
0.1232721792956302 -0.024846994089833298 1
-0.09301859718631476 1.1136557562801626 0
0.8710673834829468 0.5274107976641706 0
0.4521021230759145 0.5560574559677052 0
1.972934556403382 -0.17071606707684983 1
1.1311437255540977 -0.3615350336280439 1
1.7492849815850458 0.28584442754809924 1
-0.041529280546148184 0.8691299260946976 0
0.4220097895293136 0.41515976900883916 0
0.3535077673463033 0.7482797054924074 0
0.40276005609205767 0.05729443411713164 1
